ID,Calories_Burned
TEST_0000,174.76713144518104
TEST_0001,188.80336452644576
TEST_0002,52.61657448538258
TEST_0003,158.096343707168
TEST_0004,223.92034835890877
TEST_0005,183.74339750565883
TEST_0006,97.5456327214452
TEST_0007,42.922755064166616
TEST_0008,78.55482991205419
TEST_0009,58.358001611822495
TEST_0010,126.39093949836715
TEST_0011,53.94735001265075
TEST_0012,12.269705451766868
TEST_0013,169.48613636363632
TEST_0014,233.22927597402602
TEST_0015,12.768831201726911
TEST_0016,100.57489516381976
TEST_0017,130.20155284017784
TEST_0018,159.56205710418755
TEST_0019,7.883769409092509
TEST_0020,52.69544593736405
TEST_0021,93.9945555485237
TEST_0022,26.33888766662915
TEST_0023,86.28489204545457
TEST_0024,21.0817568281446
TEST_0025,143.57726598358641
TEST_0026,102.97813360985421
TEST_0027,192.33169864390817
TEST_0028,122.04196002558248
TEST_0029,100.33804051013412
TEST_0030,23.992849117680453
TEST_0031,235.87069047619042
TEST_0032,56.22049986491847
TEST_0033,47.263935195349234
TEST_0034,124.64413251452405
TEST_0035,119.34753066628134
TEST_0036,34.76141865079365
TEST_0037,133.8542281680168
TEST_0038,11.231965708300306
TEST_0039,127.63075724639553
TEST_0040,199.73411058401936
TEST_0041,164.79764550106222
TEST_0042,143.4361239159004
TEST_0043,60.54288342854557
TEST_0044,66.27939080700872
TEST_0045,51.80027324095232
TEST_0046,76.38077920833544
TEST_0047,197.8113561090326
TEST_0048,139.39180756341614
TEST_0049,126.81168589703294
TEST_0050,10.79521754535373
TEST_0051,111.98771046590817
TEST_0052,160.98338413363263
TEST_0053,100.2031383966001
TEST_0054,67.89236229282255
TEST_0055,90.18857074175826
TEST_0056,165.59296346981932
TEST_0057,17.804917595378402
TEST_0058,33.518881686667854
TEST_0059,94.54939584282675
TEST_0060,39.50965626669287
TEST_0061,105.13063079050569
TEST_0062,89.34017197041798
TEST_0063,51.002703006122985
TEST_0064,35.393374015848075
TEST_0065,131.45962822631577
TEST_0066,231.04185571554052
TEST_0067,126.57968480123859
TEST_0068,100.79950877136449
TEST_0069,44.12614652439958
TEST_0070,124.42435031436403
TEST_0071,28.340427748199723
TEST_0072,9.226979812442835
TEST_0073,154.58567644265418
TEST_0074,31.82785694287891
TEST_0075,91.63994308165789
TEST_0076,64.26985852183643
TEST_0077,69.12197266947479
TEST_0078,41.97001385476469
TEST_0079,176.60215674603182
TEST_0080,167.69770967548854
TEST_0081,135.67242566334596
TEST_0082,93.18561886962627
TEST_0083,106.56472027791408
TEST_0084,62.95822373949581
TEST_0085,180.4727273766764
TEST_0086,127.2872797692504
TEST_0087,17.59461287049437
TEST_0088,147.16268652067365
TEST_0089,42.359264806838
TEST_0090,40.22424362616769
TEST_0091,37.15642729329495
TEST_0092,24.23523029960391
TEST_0093,193.1091727338435
TEST_0094,5.743830653834287
TEST_0095,10.589309063903578
TEST_0096,237.6413225899917
TEST_0097,141.05992210640235
TEST_0098,187.9943825269889
TEST_0099,174.98980329255187
TEST_0100,12.370958324691873
TEST_0101,101.03550327293148
TEST_0102,185.6635524891775
TEST_0103,156.22609058672415
TEST_0104,65.02573054953861
TEST_0105,163.9635829993709
TEST_0106,36.77191010656737
TEST_0107,19.523591812432493
TEST_0108,182.15313707380955
TEST_0109,30.980099927849924
TEST_0110,110.59718173588867
TEST_0111,182.743130471538
TEST_0112,49.025451992876334
TEST_0113,146.43065323205957
TEST_0114,55.03351619295891
TEST_0115,82.18988868541255
TEST_0116,79.91038818043168
TEST_0117,64.09661827774909
TEST_0118,14.802941895810712
TEST_0119,7.130598220702512
TEST_0120,181.72564177489178
TEST_0121,48.59794208125699
TEST_0122,41.86808059317425
TEST_0123,19.273619620450678
TEST_0124,32.65653424750214
TEST_0125,102.14391066932185
TEST_0126,46.77659935598028
TEST_0127,54.17102562898704
TEST_0128,104.87455861077329
TEST_0129,77.85914724020817
TEST_0130,58.70561711585628
TEST_0131,191.51930405613052
TEST_0132,68.73921208887242
TEST_0133,142.13842601291637
TEST_0134,106.06367408839462
TEST_0135,72.71243385084844
TEST_0136,73.49799905357048
TEST_0137,63.87135247054226
TEST_0138,181.1952047258297
TEST_0139,22.894803962261626
TEST_0140,111.75340682234432
TEST_0141,16.511982114902843
TEST_0142,111.81377145493595
TEST_0143,39.44441749978193
TEST_0144,11.26556461866391
TEST_0145,32.5293424895548
TEST_0146,156.55949595317378
TEST_0147,82.5274037515423
TEST_0148,117.85687326993184
TEST_0149,86.38820663134794
TEST_0150,42.87260740869698
TEST_0151,81.09202873195802
TEST_0152,68.66597382370462
TEST_0153,19.88382920543079
TEST_0154,97.03826647129145
TEST_0155,58.13411819430017
TEST_0156,134.12249976515523
TEST_0157,37.46617454547521
TEST_0158,199.09584163752922
TEST_0159,41.81553386106637
TEST_0160,127.66140156083597
TEST_0161,102.24835707322325
TEST_0162,115.04568982522078
TEST_0163,147.2051950555797
TEST_0164,58.13281758144714
TEST_0165,32.621415563216466
TEST_0166,42.973980894103754
TEST_0167,124.69998305860807
TEST_0168,201.3626369047619
TEST_0169,114.48938310799419
TEST_0170,73.85453629964036
TEST_0171,82.8481854837733
TEST_0172,5.49574412760661
TEST_0173,78.48583118462241
TEST_0174,15.883517760487916
TEST_0175,47.99518064396785
TEST_0176,9.214683481152992
TEST_0177,59.94049072180192
TEST_0178,174.49201557769575
TEST_0179,190.995295477785
TEST_0180,44.43425777920117
TEST_0181,81.45805581423247
TEST_0182,70.48952578110834
TEST_0183,116.93654570209675
TEST_0184,128.19526407155467
TEST_0185,82.76527903730253
TEST_0186,12.077060007822519
TEST_0187,46.407101938372925
TEST_0188,155.6484906145415
TEST_0189,5.914135658995446
TEST_0190,41.085936714742985
TEST_0191,7.096433791814669
TEST_0192,174.56816017316015
TEST_0193,42.35544452132113
TEST_0194,178.14034668196982
TEST_0195,101.20658650907913
TEST_0196,7.356401844027736
TEST_0197,215.5286898781043
TEST_0198,4.662079860946858
TEST_0199,9.256957156477144
TEST_0200,8.231782996044295
TEST_0201,131.52741893856057
TEST_0202,23.513437670284375
TEST_0203,43.05163892602494
TEST_0204,97.2053545208876
TEST_0205,91.32625713535327
TEST_0206,144.05790443068213
TEST_0207,82.12700414544543
TEST_0208,15.179082608048233
TEST_0209,65.32121659288642
TEST_0210,59.872734844008136
TEST_0211,198.80691061616395
TEST_0212,162.89898795921397
TEST_0213,17.658325987106103
TEST_0214,51.153052858160606
TEST_0215,57.785872980644335
TEST_0216,84.98021021852541
TEST_0217,139.48492407514226
TEST_0218,40.27483027919392
TEST_0219,96.31103712522152
TEST_0220,155.05780339553615
TEST_0221,67.44597632218002
TEST_0222,132.98261160206465
TEST_0223,190.37854420970325
TEST_0224,79.82534431244213
TEST_0225,33.42228092493244
TEST_0226,69.18850857507272
TEST_0227,140.47043593931008
TEST_0228,58.24318926085609
TEST_0229,6.703025244006005
TEST_0230,58.087070489938284
TEST_0231,54.58539561673484
TEST_0232,65.51557601222305
TEST_0233,76.02298535373444
TEST_0234,12.042544404834075
TEST_0235,49.968776854681266
TEST_0236,125.97749717643474
TEST_0237,19.726790721769206
TEST_0238,145.78911042800974
TEST_0239,20.771841288768925
TEST_0240,17.264899132225963
TEST_0241,191.879419011544
TEST_0242,91.32217169635922
TEST_0243,11.034395807934395
TEST_0244,41.81496587776391
TEST_0245,69.21022404229602
TEST_0246,45.25159562926969
TEST_0247,114.27912473764374
TEST_0248,42.819695473043296
TEST_0249,19.488170763264517
TEST_0250,52.77676439546613
TEST_0251,93.97697590882098
TEST_0252,38.568553143971464
TEST_0253,107.86585302064528
TEST_0254,113.09793802393251
TEST_0255,32.91708920831061
TEST_0256,9.066597008166205
TEST_0257,107.65061385448384
TEST_0258,135.35575727364315
TEST_0259,19.215700700679612
TEST_0260,21.479517259573132
TEST_0261,71.70848776783075
TEST_0262,51.31268830573022
TEST_0263,20.401594236667965
TEST_0264,26.08782118069351
TEST_0265,2.7305328199918866
TEST_0266,57.518927444583895
TEST_0267,20.406268292029328
TEST_0268,63.332982211847224
TEST_0269,186.68888196930828
TEST_0270,98.40198767059606
TEST_0271,131.84698383958326
TEST_0272,18.506898730816538
TEST_0273,150.2889041984227
TEST_0274,21.557789002580847
TEST_0275,54.61333275284524
TEST_0276,83.98783002692657
TEST_0277,146.7435065476446
TEST_0278,8.29594500172991
TEST_0279,63.74950977203744
TEST_0280,182.61149259122783
TEST_0281,106.41463284778371
TEST_0282,31.955303713330082
TEST_0283,16.02858495741276
TEST_0284,178.09183820427475
TEST_0285,45.235031724958304
TEST_0286,40.27779487809662
TEST_0287,51.70366292268793
TEST_0288,105.60394368222796
TEST_0289,52.52708677687552
TEST_0290,177.45623773448781
TEST_0291,35.76538253609135
TEST_0292,73.17762439574591
TEST_0293,46.00639804992029
TEST_0294,126.40486495083861
TEST_0295,35.84116687627428
TEST_0296,75.35091830627077
TEST_0297,129.3098613927364
TEST_0298,129.88603443533594
TEST_0299,188.58434912137503
TEST_0300,218.14742283480237
TEST_0301,3.955357121971596
TEST_0302,229.47887896825395
TEST_0303,105.96694105715987
TEST_0304,65.13918935959914
TEST_0305,140.39816709205022
TEST_0306,56.247113009997754
TEST_0307,209.1713714120847
TEST_0308,185.43812644924776
TEST_0309,135.07223908831813
TEST_0310,83.31703300865802
TEST_0311,36.864295106047464
TEST_0312,164.66044515542077
TEST_0313,77.13030320556636
TEST_0314,184.43507641919797
TEST_0315,188.21330681958648
TEST_0316,239.69233333333338
TEST_0317,156.704083380088
TEST_0318,57.885606108255786
TEST_0319,245.9325090852131
TEST_0320,214.7043671943637
TEST_0321,84.86072638378131
TEST_0322,170.9937823952199
TEST_0323,76.73466514060746
TEST_0324,47.40248635697881
TEST_0325,12.857419777225696
TEST_0326,85.42035625968232
TEST_0327,104.62315501467505
TEST_0328,82.93385123394525
TEST_0329,70.52334241515533
TEST_0330,10.868879740408781
TEST_0331,131.71229234885703
TEST_0332,9.698791800201379
TEST_0333,91.37141416840522
TEST_0334,39.4911714489402
TEST_0335,99.897075223928
TEST_0336,101.46274299936799
TEST_0337,161.68837582212117
TEST_0338,95.27900898269371
TEST_0339,120.34578559905589
TEST_0340,26.121713492561877
TEST_0341,216.43098809523804
TEST_0342,81.7492613003481
TEST_0343,140.75732971016498
TEST_0344,89.05913475528212
TEST_0345,12.051067257873585
TEST_0346,31.450368445844873
TEST_0347,75.35562544609058
TEST_0348,27.113746807359288
TEST_0349,171.34420278783185
TEST_0350,186.1737515957626
TEST_0351,62.39981244660523
TEST_0352,131.47803005654475
TEST_0353,63.73956782720127
TEST_0354,64.22947054632056
TEST_0355,2.4198437963649777
TEST_0356,162.35883864349938
TEST_0357,181.24484318190844
TEST_0358,120.46001824796713
TEST_0359,131.95395227891743
TEST_0360,74.52032962184873
TEST_0361,134.20324044011548
TEST_0362,139.24205701081482
TEST_0363,23.68499739623175
TEST_0364,168.24546818581868
TEST_0365,31.20915253985173
TEST_0366,130.56366444632798
TEST_0367,24.35608717397386
TEST_0368,211.28895899938158
TEST_0369,127.28666666666668
TEST_0370,22.487174737376712
TEST_0371,114.68927871126937
TEST_0372,90.80410183976672
TEST_0373,132.6884554195804
TEST_0374,20.435337474991332
TEST_0375,187.78595433367806
TEST_0376,212.28020180888927
TEST_0377,206.73138560430823
TEST_0378,49.7921973597235
TEST_0379,77.96692507511835
TEST_0380,149.74827537726804
TEST_0381,25.602269935880127
TEST_0382,30.281398639378203
TEST_0383,210.28410575308465
TEST_0384,5.757553212755465
TEST_0385,3.9536458172458175
TEST_0386,170.67950462923181
TEST_0387,93.75532024301452
TEST_0388,116.09626968864467
TEST_0389,174.926157510627
TEST_0390,180.7091206709957
TEST_0391,18.831681720190037
TEST_0392,113.99818651382918
TEST_0393,131.57339528712689
TEST_0394,34.08773691692649
TEST_0395,174.2467744281933
TEST_0396,96.26783149289416
TEST_0397,17.86552962378713
TEST_0398,117.79720090144025
TEST_0399,133.15399983826802
TEST_0400,87.94455642010551
TEST_0401,192.22699220943025
TEST_0402,152.89998228932788
TEST_0403,148.2168467795822
TEST_0404,111.92917368883133
TEST_0405,96.65927845838654
TEST_0406,18.877516480303935
TEST_0407,67.6610492944817
TEST_0408,167.39096667876427
TEST_0409,192.01120952413595
TEST_0410,106.02822141755424
TEST_0411,216.52251821789324
TEST_0412,7.740882401393139
TEST_0413,53.418641971313136
TEST_0414,163.4426103503149
TEST_0415,11.330355062130494
TEST_0416,54.833307837509295
TEST_0417,85.19608861522148
TEST_0418,22.92499644183216
TEST_0419,7.155185567822794
TEST_0420,154.5349369977751
TEST_0421,37.656963322633665
TEST_0422,87.23264324136791
TEST_0423,67.2582829627373
TEST_0424,136.03110081325684
TEST_0425,44.90063495682593
TEST_0426,41.94690767666837
TEST_0427,9.917530924655265
TEST_0428,66.78347173906427
TEST_0429,98.69149401719065
TEST_0430,106.27140406815408
TEST_0431,211.36911093818057
TEST_0432,55.17773489689407
TEST_0433,2.386534213477105
TEST_0434,172.94379688202173
TEST_0435,47.693919924141625
TEST_0436,54.93320927619712
TEST_0437,160.67074386332172
TEST_0438,47.835454512388644
TEST_0439,176.05765749931322
TEST_0440,219.24970790320788
TEST_0441,45.894418198544074
TEST_0442,47.314823764541806
TEST_0443,69.71260860863869
TEST_0444,217.92985732990374
TEST_0445,137.76061386530134
TEST_0446,163.9928808536235
TEST_0447,43.624736372698244
TEST_0448,89.46143991425242
TEST_0449,49.2869245964439
TEST_0450,99.98144388456998
TEST_0451,121.15668000709319
TEST_0452,78.84245076684745
TEST_0453,54.61338013692969
TEST_0454,33.89126495784916
TEST_0455,41.43776518048674
TEST_0456,123.23666863019518
TEST_0457,147.4371351877572
TEST_0458,176.3724769429644
TEST_0459,146.85676101682552
TEST_0460,88.90116634764414
TEST_0461,199.70124762968516
TEST_0462,72.05927139076783
TEST_0463,106.00511461281707
TEST_0464,94.30671558399986
TEST_0465,37.92346222388723
TEST_0466,102.21105002237046
TEST_0467,54.378820167233854
TEST_0468,141.098934822792
TEST_0469,4.5836068852070895
TEST_0470,93.33505844659344
TEST_0471,30.41048507579858
TEST_0472,51.01431925876412
TEST_0473,22.508429926027656
TEST_0474,181.73734661172165
TEST_0475,183.8857747256399
TEST_0476,24.833648307148728
TEST_0477,36.14684992878322
TEST_0478,23.8419746214008
TEST_0479,33.51428666623441
TEST_0480,40.394754665087596
TEST_0481,25.324829782278425
TEST_0482,185.9524282392444
TEST_0483,133.53564664134322
TEST_0484,55.500816850410544
TEST_0485,7.0738433437928725
TEST_0486,2.9377727984438518
TEST_0487,216.9179719887955
TEST_0488,18.981275695135313
TEST_0489,8.00271411705896
TEST_0490,188.4752786358317
TEST_0491,86.90913448017466
TEST_0492,77.11025227521874
TEST_0493,47.01001811721362
TEST_0494,89.93123764798544
TEST_0495,49.8637460895643
TEST_0496,23.033933777837845
TEST_0497,13.741962720694335
TEST_0498,130.76025421014336
TEST_0499,118.75187533446088
TEST_0500,15.024744194152442
TEST_0501,112.94779717875502
TEST_0502,169.92480112686877
TEST_0503,22.192829448271176
TEST_0504,100.12650283824685
TEST_0505,20.44213304711486
TEST_0506,164.54209344980936
TEST_0507,64.65512503831891
TEST_0508,179.05188979965934
TEST_0509,123.3678983859618
TEST_0510,68.88927920744264
TEST_0511,84.6644337935456
TEST_0512,32.982019121837496
TEST_0513,46.78494444444445
TEST_0514,61.41137479800354
TEST_0515,139.3123091035079
TEST_0516,152.94848132923482
TEST_0517,6.191141901935357
TEST_0518,179.59317631739177
TEST_0519,26.26127517082591
TEST_0520,62.841011155511154
TEST_0521,91.81673586414362
TEST_0522,210.94407287157287
TEST_0523,117.7836637235394
TEST_0524,99.48630200306461
TEST_0525,73.54523974269196
TEST_0526,116.88209532288765
TEST_0527,7.136640837407396
TEST_0528,169.67177253520416
TEST_0529,191.05693439045046
TEST_0530,70.07688330756791
TEST_0531,127.71687084076056
TEST_0532,28.755243033330384
TEST_0533,138.6798634861113
TEST_0534,103.3422527740979
TEST_0535,102.60629538925124
TEST_0536,5.102275705105543
TEST_0537,123.8917023948274
TEST_0538,62.77316502960834
TEST_0539,44.670019051299114
TEST_0540,123.38167212940633
TEST_0541,16.637419963000653
TEST_0542,137.4797634375711
TEST_0543,93.16630952380955
TEST_0544,82.23814087301588
TEST_0545,89.19155475174604
TEST_0546,19.45505339796112
TEST_0547,99.46981660864355
TEST_0548,174.60211588619677
TEST_0549,25.338031201866606
TEST_0550,48.28942704905941
TEST_0551,137.47754810611946
TEST_0552,121.86884722222221
TEST_0553,117.4117833178023
TEST_0554,72.89690860689018
TEST_0555,21.011692004754508
TEST_0556,148.06520563684072
TEST_0557,96.81225789381381
TEST_0558,212.3251799140663
TEST_0559,36.09096326590076
TEST_0560,3.54901243378593
TEST_0561,24.696329467061044
TEST_0562,190.91026989576596
TEST_0563,88.92125136844099
TEST_0564,54.04683357490993
TEST_0565,147.95008333333334
TEST_0566,32.643189766326955
TEST_0567,135.43289631909815
TEST_0568,3.6262731829573935
TEST_0569,32.10149778248266
TEST_0570,36.774073094371545
TEST_0571,33.144528350975655
TEST_0572,24.024794790930937
TEST_0573,181.26094146481734
TEST_0574,52.15251796348808
TEST_0575,9.936670548299961
TEST_0576,14.336309110667152
TEST_0577,54.86491314536697
TEST_0578,25.091780604673417
TEST_0579,193.1731848068599
TEST_0580,87.59523481275893
TEST_0581,239.75631813155888
TEST_0582,92.05739411212308
TEST_0583,40.619766034404186
TEST_0584,90.90458853982193
TEST_0585,38.201151854802326
TEST_0586,107.82420926989678
TEST_0587,151.07030397979364
TEST_0588,162.9012934938137
TEST_0589,19.089434490620917
TEST_0590,153.23805051216442
TEST_0591,220.35059993953416
TEST_0592,25.535196484765347
TEST_0593,199.43098824943195
TEST_0594,73.43877225961292
TEST_0595,23.24676105245586
TEST_0596,9.591701771443521
TEST_0597,143.21108338352462
TEST_0598,143.8277128555062
TEST_0599,74.16850608478069
TEST_0600,185.76161989922798
TEST_0601,77.65466560632349
TEST_0602,237.13510282400185
TEST_0603,167.95444083123533
TEST_0604,144.16920309826344
TEST_0605,82.01644476325971
TEST_0606,124.3704974196313
TEST_0607,37.084598215739966
TEST_0608,110.45339076717255
TEST_0609,103.57525466217717
TEST_0610,58.24733131901622
TEST_0611,110.11526968864467
TEST_0612,122.11911973581165
TEST_0613,37.178323041126816
TEST_0614,21.12599972820796
TEST_0615,17.74945294548787
TEST_0616,86.84784137131132
TEST_0617,192.286934744385
TEST_0618,27.977155404701946
TEST_0619,144.50579785086344
TEST_0620,201.99009669010903
TEST_0621,4.992190799397065
TEST_0622,36.01122434338272
TEST_0623,19.733893558260625
TEST_0624,60.586701834521676
TEST_0625,63.86134570555993
TEST_0626,98.67319363497315
TEST_0627,246.1922417027417
TEST_0628,93.46735672068775
TEST_0629,94.57117408408585
TEST_0630,22.871657830786454
TEST_0631,52.473819371272
TEST_0632,199.25551028138528
TEST_0633,77.5566638035877
TEST_0634,42.20654243903267
TEST_0635,35.74865298772759
TEST_0636,151.3567539892922
TEST_0637,118.04807557951841
TEST_0638,47.19552770884316
TEST_0639,136.69797700895168
TEST_0640,25.34141720573739
TEST_0641,28.094922587216708
TEST_0642,85.21594673829202
TEST_0643,42.24701862272608
TEST_0644,7.129480108555385
TEST_0645,188.64690677786268
TEST_0646,66.20224070152003
TEST_0647,73.9168671279134
TEST_0648,28.408793446696468
TEST_0649,83.25648615346643
TEST_0650,80.23044568737456
TEST_0651,155.37573401393007
TEST_0652,92.23033679432795
TEST_0653,7.377887269924717
TEST_0654,10.852475196351206
TEST_0655,9.391983430580984
TEST_0656,108.86979642396643
TEST_0657,94.86005495672283
TEST_0658,8.704983298008969
TEST_0659,30.202337315708604
TEST_0660,12.740325027562823
TEST_0661,64.98021988090942
TEST_0662,93.5850645976228
TEST_0663,12.238848142043725
TEST_0664,90.2577753998555
TEST_0665,67.31106548818025
TEST_0666,151.7413340944974
TEST_0667,173.02402250305101
TEST_0668,68.04639797513165
TEST_0669,244.76207488986174
TEST_0670,132.13587288426442
TEST_0671,28.252685638432148
TEST_0672,105.39298853620203
TEST_0673,103.34276912445499
TEST_0674,76.28771622370427
TEST_0675,185.26558792785144
TEST_0676,19.313064998963025
TEST_0677,118.35207130005294
TEST_0678,67.44176076958459
TEST_0679,76.96891490844202
TEST_0680,2.84888806650912
TEST_0681,111.51705344430965
TEST_0682,163.25012479556048
TEST_0683,8.751127513099194
TEST_0684,8.783246334819943
TEST_0685,22.574555689214325
TEST_0686,167.83359624739168
TEST_0687,60.815233724524035
TEST_0688,92.7150398068027
TEST_0689,77.5602619267923
TEST_0690,259.80047932330825
TEST_0691,16.888901609326357
TEST_0692,229.570753204312
TEST_0693,200.69238258863584
TEST_0694,130.01758221577086
TEST_0695,50.46285913392164
TEST_0696,125.59079788941042
TEST_0697,71.46232510898241
TEST_0698,80.78752625152624
TEST_0699,103.44618243685863
TEST_0700,157.01399417943162
TEST_0701,75.68762193014243
TEST_0702,61.21747991884289
TEST_0703,204.39844615778492
TEST_0704,70.70386496580764
TEST_0705,26.103689755824565
TEST_0706,116.79565441223383
TEST_0707,27.860940793334247
TEST_0708,6.7414789989600195
TEST_0709,52.803618694707836
TEST_0710,66.47230666087728
TEST_0711,9.309616216247258
TEST_0712,45.578853572502496
TEST_0713,11.002798949860171
TEST_0714,174.00479192167924
TEST_0715,122.76913759946949
TEST_0716,10.201785404247904
TEST_0717,7.758096083593362
TEST_0718,130.25091651262565
TEST_0719,53.68751551658057
TEST_0720,101.87099439339434
TEST_0721,73.60544450076068
TEST_0722,126.34807982295483
TEST_0723,70.04638512049766
TEST_0724,117.39759582785433
TEST_0725,109.9341829365595
TEST_0726,36.32125721036043
TEST_0727,55.63589795341967
TEST_0728,191.65539233954453
TEST_0729,97.08418434343433
TEST_0730,214.17515428723317
TEST_0731,106.58194650222333
TEST_0732,6.892434084337798
TEST_0733,195.51898151621037
TEST_0734,72.48013713683295
TEST_0735,79.49830254064777
TEST_0736,51.40122730104193
TEST_0737,34.88886366932597
TEST_0738,151.4981796947196
TEST_0739,226.00752199327158
TEST_0740,136.3916061827957
TEST_0741,21.73818703626176
TEST_0742,55.763509547913735
TEST_0743,53.608248818137646
TEST_0744,44.577730423223144
TEST_0745,18.620077581870945
TEST_0746,17.463948910414747
TEST_0747,89.24099863257698
TEST_0748,213.18540207586534
TEST_0749,195.46478838522592
TEST_0750,72.40511575412891
TEST_0751,15.206247842522156
TEST_0752,3.9896148648648655
TEST_0753,53.03286911747835
TEST_0754,92.14672263847262
TEST_0755,26.95381436039824
TEST_0756,179.273344819552
TEST_0757,49.457856175756426
TEST_0758,28.570914580889763
TEST_0759,113.96312250607352
TEST_0760,85.46795813654711
TEST_0761,101.51933492535085
TEST_0762,87.6506162647085
TEST_0763,84.51260192100379
TEST_0764,62.776025740320044
TEST_0765,161.75564309163047
TEST_0766,3.983674388674389
TEST_0767,11.180876868127138
TEST_0768,85.76486506774529
TEST_0769,65.40036671962518
TEST_0770,7.604258785547098
TEST_0771,49.10439563726096
TEST_0772,166.95487902658914
TEST_0773,4.673047619047619
TEST_0774,142.80809327956234
TEST_0775,32.63379617927973
TEST_0776,221.1735276104615
TEST_0777,109.85832698745922
TEST_0778,171.7250804119234
TEST_0779,106.73823437081252
TEST_0780,207.2531211484594
TEST_0781,158.76244328968963
TEST_0782,19.384527328902788
TEST_0783,29.37924142513282
TEST_0784,136.20999011108285
TEST_0785,19.92232223125201
TEST_0786,97.23841670061074
TEST_0787,149.1282216464188
TEST_0788,90.04903571428571
TEST_0789,9.736698465824087
TEST_0790,148.54609655879895
TEST_0791,153.47443299594153
TEST_0792,31.34388401168784
TEST_0793,30.33606536651783
TEST_0794,158.77344408369405
TEST_0795,72.44493136112212
TEST_0796,46.80132498301222
TEST_0797,114.00205668283657
TEST_0798,3.9999958172458174
TEST_0799,240.03882553475938
TEST_0800,78.53758583156609
TEST_0801,38.21739974310369
TEST_0802,26.96138655450385
TEST_0803,157.86553827919772
TEST_0804,3.3015559216615795
TEST_0805,7.897300268518091
TEST_0806,83.32591274003771
TEST_0807,110.58094707789783
TEST_0808,79.02182278669282
TEST_0809,149.59306854813124
TEST_0810,72.00920740248267
TEST_0811,132.10986204830948
TEST_0812,142.05872260329662
TEST_0813,54.44642313202648
TEST_0814,64.07226912455526
TEST_0815,43.71640811527884
TEST_0816,8.812385470256459
TEST_0817,90.21995037201863
TEST_0818,56.73493105565139
TEST_0819,63.89460681127438
TEST_0820,7.132343505111148
TEST_0821,136.14580158196682
TEST_0822,98.40957318068926
TEST_0823,45.715400566157676
TEST_0824,62.0191237293814
TEST_0825,145.09869749364464
TEST_0826,72.30676862045924
TEST_0827,89.62680229579865
TEST_0828,39.23989001392484
TEST_0829,14.12348278493093
TEST_0830,100.05956245717263
TEST_0831,177.52954914529914
TEST_0832,9.765440691932799
TEST_0833,31.751751374000236
TEST_0834,72.16627884257508
TEST_0835,212.1222153558707
TEST_0836,122.86594049006551
TEST_0837,198.40139958558427
TEST_0838,198.54888459294799
TEST_0839,9.21116596076155
TEST_0840,233.8981084072931
TEST_0841,17.810174235830285
TEST_0842,157.38453680997995
TEST_0843,146.94246764714822
TEST_0844,116.77526647665356
TEST_0845,58.23290850326145
TEST_0846,33.03755807414979
TEST_0847,3.2729140989506633
TEST_0848,174.2188301161468
TEST_0849,58.09238035149247
TEST_0850,39.20073491480524
TEST_0851,208.59333001271608
TEST_0852,4.30958719822647
TEST_0853,94.88348287357616
TEST_0854,47.93301578834249
TEST_0855,168.82763038460556
TEST_0856,34.32132619385052
TEST_0857,200.69631524725276
TEST_0858,76.55788630777118
TEST_0859,37.26314109391443
TEST_0860,168.8188358544221
TEST_0861,20.4799426093566
TEST_0862,94.92548342838147
TEST_0863,189.25749972658923
TEST_0864,128.40594474105808
TEST_0865,80.98737824675325
TEST_0866,6.871067786869088
TEST_0867,61.62129659340406
TEST_0868,60.04856592712842
TEST_0869,122.66947857343945
TEST_0870,157.42107027483476
TEST_0871,145.767102775415
TEST_0872,122.35682397592583
TEST_0873,162.04085317247836
TEST_0874,183.886299059636
TEST_0875,70.08798082845642
TEST_0876,48.803573351875286
TEST_0877,24.844762092784368
TEST_0878,177.31382704840814
TEST_0879,45.857593737016344
TEST_0880,106.83718261966297
TEST_0881,113.26571744741271
TEST_0882,43.48688298276764
TEST_0883,113.52468808879907
TEST_0884,82.76785831732988
TEST_0885,57.87982616429866
TEST_0886,45.355833137861616
TEST_0887,81.32472809594692
TEST_0888,6.569520608058046
TEST_0889,201.7449230600626
TEST_0890,95.46722375484504
TEST_0891,153.40540513685687
TEST_0892,93.0367499864924
TEST_0893,45.31214088074673
TEST_0894,166.60132862820018
TEST_0895,144.57299123344632
TEST_0896,90.80502168076296
TEST_0897,136.12933921710936
TEST_0898,54.498095151687046
TEST_0899,43.10006022799992
TEST_0900,140.97847842280456
TEST_0901,81.63415377213111
TEST_0902,3.1814578072960256
TEST_0903,171.62364470415622
TEST_0904,32.04734999719461
TEST_0905,13.000874200862789
TEST_0906,113.72475047288233
TEST_0907,42.00831687104834
TEST_0908,60.42195642452314
TEST_0909,53.82450030178155
TEST_0910,132.8926097202385
TEST_0911,43.5415610916861
TEST_0912,168.13719758259867
TEST_0913,32.223736002971776
TEST_0914,13.550317174655412
TEST_0915,151.97844571850158
TEST_0916,153.39272585864907
TEST_0917,78.06594197031039
TEST_0918,3.745809410935826
TEST_0919,97.32450329254524
TEST_0920,55.655762096223214
TEST_0921,89.95411822574417
TEST_0922,204.92776469147512
TEST_0923,271.45641666666666
TEST_0924,8.263819412477496
TEST_0925,23.307776602024273
TEST_0926,76.3649013380786
TEST_0927,204.42597641247642
TEST_0928,163.01698220529477
TEST_0929,16.12131531217072
TEST_0930,104.90675386429047
TEST_0931,139.83240975422427
TEST_0932,36.031758538631415
TEST_0933,120.7936261778951
TEST_0934,113.74691421777952
TEST_0935,42.079850732721134
TEST_0936,102.35043071292738
TEST_0937,51.77816197691197
TEST_0938,136.81394416526456
TEST_0939,223.65962329518305
TEST_0940,5.785197892328421
TEST_0941,187.84504493510846
TEST_0942,15.743364930652387
TEST_0943,27.93217234325571
TEST_0944,102.61852636763821
TEST_0945,206.47125054112556
TEST_0946,143.73382502890786
TEST_0947,49.03251001986482
TEST_0948,71.47393629724552
TEST_0949,109.47217032195351
TEST_0950,87.78180933131662
TEST_0951,100.13138038598828
TEST_0952,12.655478393931798
TEST_0953,208.31769659738416
TEST_0954,148.4707137795412
TEST_0955,50.6753998824785
TEST_0956,98.89924591643029
TEST_0957,7.252610380769382
TEST_0958,146.0349924716414
TEST_0959,5.019415445494117
TEST_0960,7.000654908972418
TEST_0961,4.334630646924875
TEST_0962,87.22955262176347
TEST_0963,140.29360924800335
TEST_0964,22.546267057620174
TEST_0965,97.09045469192199
TEST_0966,196.53923175916188
TEST_0967,115.0321458967278
TEST_0968,7.15741735970955
TEST_0969,170.07790578075412
TEST_0970,190.98453395924352
TEST_0971,50.759901117406834
TEST_0972,136.22430058184094
TEST_0973,179.7421911912495
TEST_0974,8.385721353799623
TEST_0975,103.16347280532624
TEST_0976,101.53968960398991
TEST_0977,133.15459213491826
TEST_0978,130.70707151531712
TEST_0979,61.0767021751678
TEST_0980,42.13828606000838
TEST_0981,62.98236217186237
TEST_0982,14.631669580137874
TEST_0983,149.32021786021969
TEST_0984,62.2761093478458
TEST_0985,9.328337280315521
TEST_0986,177.40919736001186
TEST_0987,78.74926754702604
TEST_0988,58.42991220794082
TEST_0989,123.4544057618716
TEST_0990,26.858437271877687
TEST_0991,180.2985333229065
TEST_0992,174.14216946248197
TEST_0993,10.009823751222962
TEST_0994,38.59388691265188
TEST_0995,63.17071690432146
TEST_0996,48.83668727275779
TEST_0997,63.40069093285008
TEST_0998,161.5745560796346
TEST_0999,17.613509189640773
TEST_1000,52.598168250681454
TEST_1001,38.35846984811351
TEST_1002,45.42524424990214
TEST_1003,12.836716005740989
TEST_1004,35.889784214014206
TEST_1005,17.839708726212642
TEST_1006,126.21635256865453
TEST_1007,37.6351119245678
TEST_1008,102.91338147609179
TEST_1009,63.56401730681707
TEST_1010,33.93968748196249
TEST_1011,25.60013457943845
TEST_1012,43.715224904097184
TEST_1013,156.47918157944434
TEST_1014,49.43979314744332
TEST_1015,133.34565456088475
TEST_1016,89.71187017378753
TEST_1017,164.30967047657848
TEST_1018,24.612517820715087
TEST_1019,99.6552177800467
TEST_1020,145.60906877717244
TEST_1021,77.71803114971404
TEST_1022,132.983
TEST_1023,28.945730924735717
TEST_1024,165.89561001986593
TEST_1025,192.97459194494212
TEST_1026,8.28641566183152
TEST_1027,29.658011906414202
TEST_1028,61.257560937528496
TEST_1029,198.22612201319924
TEST_1030,157.37729832667335
TEST_1031,116.00620733659791
TEST_1032,81.60481029934978
TEST_1033,170.54472439522812
TEST_1034,83.12005622216934
TEST_1035,44.705947630956445
TEST_1036,132.10137227874725
TEST_1037,81.9856106764288
TEST_1038,115.08331873062485
TEST_1039,148.6544456063174
TEST_1040,104.07812752157973
TEST_1041,173.44730819468518
TEST_1042,215.53583883477637
TEST_1043,102.58988545759405
TEST_1044,227.56823421325052
TEST_1045,136.38215188518052
TEST_1046,4.4848928571428575
TEST_1047,48.44696386946387
TEST_1048,19.252625309234542
TEST_1049,161.12036707023765
TEST_1050,14.494773397797855
TEST_1051,15.827321428571429
TEST_1052,88.15570353951601
TEST_1053,58.88966290324097
TEST_1054,95.23249543493245
TEST_1055,60.23011620799256
TEST_1056,93.34909700271557
TEST_1057,117.05856038708835
TEST_1058,58.56034912912378
TEST_1059,44.57817083182505
TEST_1060,8.983362274835184
TEST_1061,35.892651020458146
TEST_1062,3.443410087719298
TEST_1063,10.388863102825214
TEST_1064,74.72046619645505
TEST_1065,5.259934287765924
TEST_1066,163.9213809176215
TEST_1067,38.83994093886915
TEST_1068,65.92352450980393
TEST_1069,21.78384821843676
TEST_1070,120.9365695316117
TEST_1071,13.04558585021453
TEST_1072,56.98815239193427
TEST_1073,75.79861704349487
TEST_1074,169.98216844871862
TEST_1075,55.00332714363763
TEST_1076,8.692579644866886
TEST_1077,82.17690433737411
TEST_1078,43.99566325642573
TEST_1079,32.142639400254396
TEST_1080,159.03992144465832
TEST_1081,116.16528300290398
TEST_1082,57.12857631987705
TEST_1083,124.63039726666298
TEST_1084,14.388036024467944
TEST_1085,49.17467235386793
TEST_1086,115.12322992736726
TEST_1087,16.809181050461703
TEST_1088,170.57804421309683
TEST_1089,118.48913021566972
TEST_1090,212.65895909388578
TEST_1091,7.555533066321378
TEST_1092,95.25207652332341
TEST_1093,85.02235364398395
TEST_1094,109.87122145930412
TEST_1095,138.11381891062297
TEST_1096,10.734220790952682
TEST_1097,89.22913390376918
TEST_1098,25.703136351838506
TEST_1099,39.81923698798505
TEST_1100,64.24264300355063
TEST_1101,67.16601013694535
TEST_1102,32.27809634322076
TEST_1103,148.08243761696875
TEST_1104,132.00843961852988
TEST_1105,28.06661279149711
TEST_1106,61.508596094815246
TEST_1107,187.44645887445887
TEST_1108,154.3752897289485
TEST_1109,125.20984245248219
TEST_1110,81.73912412481793
TEST_1111,148.06930930919387
TEST_1112,80.55131019089222
TEST_1113,60.99769642532306
TEST_1114,123.05332902162938
TEST_1115,86.5582667092419
TEST_1116,129.51039689453492
TEST_1117,172.10476168636123
TEST_1118,135.68975002216567
TEST_1119,105.57127494476846
TEST_1120,54.658557800821626
TEST_1121,32.44568373291813
TEST_1122,85.15380355061603
TEST_1123,104.75704860954744
TEST_1124,146.14715798882867
TEST_1125,194.73447008124728
TEST_1126,150.93987427392204
TEST_1127,38.85995321338223
TEST_1128,12.578634968737829
TEST_1129,91.58960984595116
TEST_1130,26.946494936544934
TEST_1131,76.46371907155944
TEST_1132,122.35236217188282
TEST_1133,147.1287638167538
TEST_1134,62.84594628106255
TEST_1135,33.112255754186826
TEST_1136,258.98829166666667
TEST_1137,203.29051567925254
TEST_1138,136.48172131957486
TEST_1139,79.22485454129205
TEST_1140,32.67084935955857
TEST_1141,139.14827599228255
TEST_1142,126.51101098063852
TEST_1143,211.5820398482499
TEST_1144,8.01287546480919
TEST_1145,21.21099619531799
TEST_1146,8.9879778714558
TEST_1147,151.6030282043247
TEST_1148,172.24257814089273
TEST_1149,31.23993850979368
TEST_1150,160.1789261768707
TEST_1151,126.47810385472823
TEST_1152,10.478861407265363
TEST_1153,78.45886068331058
TEST_1154,56.379356462476736
TEST_1155,12.74987485323526
TEST_1156,172.1382851160278
TEST_1157,99.04113682844932
TEST_1158,125.08313382308884
TEST_1159,135.4896942885577
TEST_1160,58.12196265772448
TEST_1161,156.5969628999662
TEST_1162,154.17005255277877
TEST_1163,158.4681352115105
TEST_1164,98.70991170414551
TEST_1165,99.21696143578642
TEST_1166,157.10614627873932
TEST_1167,110.31905389260167
TEST_1168,19.309197355773662
TEST_1169,51.26229449796625
TEST_1170,11.24824350396518
TEST_1171,54.67037002901725
TEST_1172,20.677394975857478
TEST_1173,27.6790138532919
TEST_1174,137.0211009752846
TEST_1175,10.20965946752714
TEST_1176,12.45884075547476
TEST_1177,183.00190495843933
TEST_1178,77.13850088636853
TEST_1179,60.991999451245476
TEST_1180,60.86959569286923
TEST_1181,207.83210878855448
TEST_1182,3.9931862934362936
TEST_1183,142.29842336077087
TEST_1184,26.324682064994196
TEST_1185,73.48130812324929
TEST_1186,8.436333849723411
TEST_1187,188.48966972355126
TEST_1188,200.33738873130608
TEST_1189,106.1150242543683
TEST_1190,32.74521749369911
TEST_1191,104.49860860821471
TEST_1192,179.68386367116238
TEST_1193,91.52839457483013
TEST_1194,57.62246566431045
TEST_1195,98.92477150245082
TEST_1196,9.866215338842453
TEST_1197,144.9618367020406
TEST_1198,203.13444373681872
TEST_1199,40.08217210950541
TEST_1200,84.51260192100379
TEST_1201,258.665456016206
TEST_1202,102.97234198019085
TEST_1203,14.496570393540157
TEST_1204,120.13790012391622
TEST_1205,38.5715613592653
TEST_1206,11.211047130907017
TEST_1207,213.35638600288604
TEST_1208,134.33988591774067
TEST_1209,54.3732329729426
TEST_1210,141.12801751517142
TEST_1211,19.723288016181947
TEST_1212,33.261877994880926
TEST_1213,12.823859481497488
TEST_1214,62.082538414308104
TEST_1215,27.786696955512113
TEST_1216,146.4524854398572
TEST_1217,120.77173137973135
TEST_1218,7.706708815763879
TEST_1219,184.6731268442893
TEST_1220,57.22400534111007
TEST_1221,128.2017181722036
TEST_1222,173.48257531126282
TEST_1223,153.34882052184884
TEST_1224,68.86612681584457
TEST_1225,198.488652327205
TEST_1226,194.00167782419678
TEST_1227,72.92116390624983
TEST_1228,71.90323669467786
TEST_1229,67.78069171411158
TEST_1230,104.0433199793069
TEST_1231,16.230151120458828
TEST_1232,74.2151628800901
TEST_1233,36.430484790611516
TEST_1234,10.754579360492952
TEST_1235,172.35183783132246
TEST_1236,133.07787447903908
TEST_1237,57.11374028096086
TEST_1238,102.65545419127656
TEST_1239,18.77666661648774
TEST_1240,191.83832286694786
TEST_1241,118.81076190476189
TEST_1242,179.22430373034723
TEST_1243,37.76419812395207
TEST_1244,7.5978146814542455
TEST_1245,92.12837440108912
TEST_1246,24.962333890000615
TEST_1247,8.415167800206723
TEST_1248,8.069215101392212
TEST_1249,119.10686347756166
TEST_1250,87.38086233430309
TEST_1251,58.353318926309015
TEST_1252,28.163488218999326
TEST_1253,94.29085827109526
TEST_1254,117.08782406187596
TEST_1255,96.62536478836346
TEST_1256,208.16147158606032
TEST_1257,24.727228185876033
TEST_1258,140.8142844972257
TEST_1259,40.143947219824675
TEST_1260,39.3932769961033
TEST_1261,152.65709522979208
TEST_1262,57.42954536319641
TEST_1263,37.88759372315971
TEST_1264,47.47570704925994
TEST_1265,54.44539921669882
TEST_1266,158.3605251842142
TEST_1267,199.66652862588427
TEST_1268,43.1794546958837
TEST_1269,173.3817747678523
TEST_1270,95.24513047429622
TEST_1271,233.217434666211
TEST_1272,236.28455266955265
TEST_1273,19.15800715017496
TEST_1274,97.03874784143319
TEST_1275,10.835108415494737
TEST_1276,129.03808298228196
TEST_1277,22.562346882650374
TEST_1278,40.36004738500632
TEST_1279,81.1818337738292
TEST_1280,45.81093852484983
TEST_1281,11.928067468393325
TEST_1282,18.5024386301266
TEST_1283,168.96450842249612
TEST_1284,150.66439212250805
TEST_1285,54.035950355212144
TEST_1286,112.8793956421633
TEST_1287,183.38350793650795
TEST_1288,36.86839354107908
TEST_1289,59.21156418966295
TEST_1290,99.63376557457376
TEST_1291,161.06016343121522
TEST_1292,18.56638164387018
TEST_1293,183.40349922612768
TEST_1294,7.349141598437982
TEST_1295,146.80259761694057
TEST_1296,52.417247978103106
TEST_1297,34.12848572723573
TEST_1298,182.16720931114523
TEST_1299,31.510855906908496
TEST_1300,55.03863603542496
TEST_1301,207.556416351923
TEST_1302,79.33806594017244
TEST_1303,113.87434290709294
TEST_1304,150.20047089774525
TEST_1305,100.55221887220964
TEST_1306,253.79215204845892
TEST_1307,69.08615746753249
TEST_1308,187.60626022844446
TEST_1309,72.00747943722942
TEST_1310,118.55689572777847
TEST_1311,139.63989506769528
TEST_1312,37.78997702041588
TEST_1313,8.17201956416762
TEST_1314,51.27713618927326
TEST_1315,68.70611752499548
TEST_1316,13.911964346400467
TEST_1317,61.87802760869898
TEST_1318,9.95458247222715
TEST_1319,149.81763798034163
TEST_1320,13.280433423693687
TEST_1321,14.007925634550602
TEST_1322,97.57292996682645
TEST_1323,177.44429581145974
TEST_1324,130.0297929538603
TEST_1325,75.9054023468443
TEST_1326,155.01332307405045
TEST_1327,73.48905226669939
TEST_1328,2.543828703343685
TEST_1329,82.80918939961502
TEST_1330,248.0157865418895
TEST_1331,102.60431782202468
TEST_1332,155.41322768995263
TEST_1333,150.39155839158343
TEST_1334,17.156524605038932
TEST_1335,191.44798175405137
TEST_1336,38.13409112237343
TEST_1337,99.22653841072584
TEST_1338,123.06439359249431
TEST_1339,15.506789863471845
TEST_1340,8.408076754579795
TEST_1341,116.59458074309856
TEST_1342,50.94621373008178
TEST_1343,58.18886109276268
TEST_1344,80.75372286029959
TEST_1345,25.638945476405265
TEST_1346,181.56970446875937
TEST_1347,150.2674010156238
TEST_1348,62.2366587419933
TEST_1349,61.59007325097781
TEST_1350,96.17701811495726
TEST_1351,12.829679106592469
TEST_1352,28.734724305217554
TEST_1353,258.4719583333333
TEST_1354,124.60441709583621
TEST_1355,154.0622420254254
TEST_1356,144.69114471718356
TEST_1357,182.978800385204
TEST_1358,64.17551420728489
TEST_1359,14.302617302323215
TEST_1360,90.5132747806172
TEST_1361,170.35926171963715
TEST_1362,181.6628439768669
TEST_1363,6.8370875440686145
TEST_1364,56.619694463825226
TEST_1365,76.25415749760647
TEST_1366,8.130276915088889
TEST_1367,128.44559917987166
TEST_1368,108.31245327972681
TEST_1369,104.67999329436836
TEST_1370,175.85072554306146
TEST_1371,107.9408395742579
TEST_1372,138.5954680757194
TEST_1373,41.20054157366641
TEST_1374,72.06492927145032
TEST_1375,81.6980970724172
TEST_1376,139.6243593828342
TEST_1377,31.549546222132822
TEST_1378,45.033244267986085
TEST_1379,152.50543128102115
TEST_1380,144.91449417623414
TEST_1381,16.802336142871663
TEST_1382,33.04042372904873
TEST_1383,32.275106967314244
TEST_1384,144.0658622752983
TEST_1385,46.448486077132365
TEST_1386,30.726599994951762
TEST_1387,66.99635144700456
TEST_1388,62.22776841644437
TEST_1389,100.44646207269835
TEST_1390,16.38809207394879
TEST_1391,65.35150550746977
TEST_1392,125.80629196923147
TEST_1393,83.05402316729902
TEST_1394,169.58806262679485
TEST_1395,40.94050363776704
TEST_1396,208.77767017850567
TEST_1397,97.426934366896
TEST_1398,95.7290243145542
TEST_1399,20.584044891133345
TEST_1400,138.65156402841566
TEST_1401,114.49834423011626
TEST_1402,210.1747241462242
TEST_1403,61.76927585312186
TEST_1404,39.11987118338698
TEST_1405,181.84105961703736
TEST_1406,116.81710834289542
TEST_1407,96.95683379368907
TEST_1408,18.432187603213098
TEST_1409,37.99795861721573
TEST_1410,132.20234804945528
TEST_1411,46.01549798391323
TEST_1412,61.28275668683894
TEST_1413,118.34881620030288
TEST_1414,145.78206467104323
TEST_1415,25.979668532306484
TEST_1416,195.98212615019568
TEST_1417,100.20287885921525
TEST_1418,255.8088032106782
TEST_1419,86.48302066106275
TEST_1420,164.931543326787
TEST_1421,224.22832349896478
TEST_1422,76.83261561782071
TEST_1423,133.04795732817874
TEST_1424,12.465415810072047
TEST_1425,30.260393469469122
TEST_1426,155.39411782649512
TEST_1427,150.876563145282
TEST_1428,125.5921681539532
TEST_1429,111.24170913161497
TEST_1430,129.70734253677267
TEST_1431,29.992301096389962
TEST_1432,25.883867031842605
TEST_1433,142.1376763115838
TEST_1434,29.514564806521406
TEST_1435,18.800259994856546
TEST_1436,5.780207745039502
TEST_1437,103.56096960631072
TEST_1438,77.88648379334424
TEST_1439,43.34078325514356
TEST_1440,148.36014414658658
TEST_1441,36.637447650225596
TEST_1442,20.033163712505814
TEST_1443,7.64700512761598
TEST_1444,137.17372011567727
TEST_1445,41.610779029883524
TEST_1446,157.26091144474884
TEST_1447,149.19723184979225
TEST_1448,43.857281886862395
TEST_1449,70.70588462750999
TEST_1450,46.8575219763529
TEST_1451,13.721553393797809
TEST_1452,67.94579441160161
TEST_1453,214.08257449494948
TEST_1454,20.78249917983812
TEST_1455,35.17191161684013
TEST_1456,131.0615837879441
TEST_1457,107.39051363028354
TEST_1458,218.40088942052097
TEST_1459,43.97149471673252
TEST_1460,23.495852936787596
TEST_1461,22.47955618625204
TEST_1462,117.39728242309397
TEST_1463,244.21552770583668
TEST_1464,62.27614717094165
TEST_1465,162.5281109067963
TEST_1466,145.96204402950963
TEST_1467,19.763844041996887
TEST_1468,68.8164314479266
TEST_1469,169.71142830005596
TEST_1470,173.14868546939132
TEST_1471,43.527330866924984
TEST_1472,238.095668394514
TEST_1473,2.7165105243266523
TEST_1474,171.53452080838616
TEST_1475,15.163043894458369
TEST_1476,94.28911580365988
TEST_1477,215.7880524820162
TEST_1478,29.20232882241032
TEST_1479,103.37078639765521
TEST_1480,137.5712518143592
TEST_1481,92.80571818597996
TEST_1482,54.06079596893358
TEST_1483,78.28744859307358
TEST_1484,116.33814220140144
TEST_1485,9.591321455153036
TEST_1486,57.089182605403174
TEST_1487,193.5245427491683
TEST_1488,50.40163769589321
TEST_1489,32.18959593817177
TEST_1490,141.04502583438668
TEST_1491,76.49309347268758
TEST_1492,3.810831131483882
TEST_1493,203.22373799383575
TEST_1494,145.10614794562164
TEST_1495,25.690994555435033
TEST_1496,191.49636291272233
TEST_1497,56.4635640796252
TEST_1498,133.15897328475617
TEST_1499,129.90487472057097
TEST_1500,192.3816964493195
TEST_1501,74.17885941982853
TEST_1502,12.454436586974955
TEST_1503,50.15478760681303
TEST_1504,107.21556438059463
TEST_1505,118.61477066408301
TEST_1506,172.4897446627191
TEST_1507,104.0430311518644
TEST_1508,19.785894879142017
TEST_1509,18.97668986601937
TEST_1510,166.37408367821865
TEST_1511,98.07643318847056
TEST_1512,7.65341060774207
TEST_1513,52.05962464755118
TEST_1514,161.21623761630127
TEST_1515,20.511846801373196
TEST_1516,56.812721751983965
TEST_1517,220.80327665308548
TEST_1518,85.32418590669644
TEST_1519,6.7570703363878515
TEST_1520,198.4769245050528
TEST_1521,54.6128976819199
TEST_1522,162.19175413297668
TEST_1523,66.56960067841737
TEST_1524,188.0728623044258
TEST_1525,35.33614875496423
TEST_1526,3.168349369973896
TEST_1527,25.88105970966738
TEST_1528,7.062592516051495
TEST_1529,85.91692018915181
TEST_1530,93.74616118515748
TEST_1531,34.725050634191554
TEST_1532,112.21348979525895
TEST_1533,164.06706839499634
TEST_1534,40.02021415183407
TEST_1535,46.32390141593922
TEST_1536,4.0961380952380955
TEST_1537,39.28784182228216
TEST_1538,140.59392223335234
TEST_1539,130.6255778638099
TEST_1540,29.119456827969742
TEST_1541,221.4260119047619
TEST_1542,173.92312589808708
TEST_1543,156.00155228122293
TEST_1544,23.118127316527758
TEST_1545,174.51908780189748
TEST_1546,52.21420559922533
TEST_1547,67.41822879206404
TEST_1548,74.48527300433604
TEST_1549,42.230792321084
TEST_1550,118.75719047619046
TEST_1551,205.47042000396922
TEST_1552,266.81149725274724
TEST_1553,11.399342505359103
TEST_1554,71.11500655627793
TEST_1555,149.5390552880225
TEST_1556,11.037859055568612
TEST_1557,116.23270050159557
TEST_1558,58.20569418781091
TEST_1559,150.46117793468372
TEST_1560,158.0327994461815
TEST_1561,71.35001399459134
TEST_1562,99.91855712622431
TEST_1563,92.22193577075095
TEST_1564,14.467897926237729
TEST_1565,173.27045286990716
TEST_1566,82.68463846080725
TEST_1567,47.17457491831432
TEST_1568,23.51341544545577
TEST_1569,107.45580751450682
TEST_1570,203.55
TEST_1571,66.74151336386004
TEST_1572,25.480613980101587
TEST_1573,87.91662066149502
TEST_1574,28.2496027653796
TEST_1575,23.165625718439987
TEST_1576,191.62889420833292
TEST_1577,103.49706105594576
TEST_1578,50.78000231187077
TEST_1579,172.19516909838632
TEST_1580,41.48982329256351
TEST_1581,19.73790242986841
TEST_1582,19.693633003465155
TEST_1583,142.44335079912622
TEST_1584,96.34645793351385
TEST_1585,127.70353499450606
TEST_1586,9.799646771284271
TEST_1587,74.74102363905858
TEST_1588,106.62107556301876
TEST_1589,25.6339272424991
TEST_1590,163.59017950390196
TEST_1591,98.06418899618183
TEST_1592,21.075990794165822
TEST_1593,90.92423075688977
TEST_1594,16.322115753980366
TEST_1595,76.35129261430527
TEST_1596,82.14848102654807
TEST_1597,24.007985549312902
TEST_1598,135.78547223917016
TEST_1599,202.44975188980698
TEST_1600,156.20868236604895
TEST_1601,204.7389400414295
TEST_1602,146.67306044373797
TEST_1603,2.5468111332592493
TEST_1604,44.70865286927555
TEST_1605,166.50720680489104
TEST_1606,158.29222014696143
TEST_1607,90.64477672971309
TEST_1608,71.96371780770286
TEST_1609,57.05429459219113
TEST_1610,57.40121637440117
TEST_1611,90.57578031392103
TEST_1612,132.64184172257626
TEST_1613,7.411484393517238
TEST_1614,10.944550429093772
TEST_1615,30.433096226591896
TEST_1616,11.325570502475113
TEST_1617,30.814380656838857
TEST_1618,184.54800888832472
TEST_1619,113.31617343512661
TEST_1620,7.646481278908372
TEST_1621,201.4126148561674
TEST_1622,123.21988501281754
TEST_1623,94.16654562952868
TEST_1624,139.4452060530882
TEST_1625,53.83782524256788
TEST_1626,101.70395658628071
TEST_1627,222.72063095238093
TEST_1628,65.34808205467307
TEST_1629,89.22959197204585
TEST_1630,216.8397319275707
TEST_1631,19.685631296034547
TEST_1632,10.238512992436783
TEST_1633,3.997739864864865
TEST_1634,122.84440502654309
TEST_1635,110.48243392914148
TEST_1636,118.64024900306094
TEST_1637,2.985655973902017
TEST_1638,115.01348931386799
TEST_1639,154.99292882154393
TEST_1640,151.62654958074287
TEST_1641,158.31240624257546
TEST_1642,54.14299352831218
TEST_1643,140.83202470670813
TEST_1644,167.84700754147812
TEST_1645,25.705299177758537
TEST_1646,41.71715982071478
TEST_1647,131.29140187070553
TEST_1648,51.29927210289793
TEST_1649,183.093248237623
TEST_1650,191.79962069425673
TEST_1651,146.27228395227385
TEST_1652,15.714676587301588
TEST_1653,119.85502555077775
TEST_1654,213.1996003892516
TEST_1655,198.31900289757363
TEST_1656,74.10411111111111
TEST_1657,6.410407077179565
TEST_1658,16.818754316363208
TEST_1659,63.20173555132279
TEST_1660,14.187760608050437
TEST_1661,210.66489265897147
TEST_1662,57.35057251526704
TEST_1663,33.31099296904076
TEST_1664,111.50566858828762
TEST_1665,78.17991891517437
TEST_1666,25.718873105987853
TEST_1667,113.53819604176674
TEST_1668,58.42220313456095
TEST_1669,132.46232846320348
TEST_1670,17.32231116582338
TEST_1671,175.51331029057548
TEST_1672,20.81828213784688
TEST_1673,36.53873339276925
TEST_1674,28.400175804621203
TEST_1675,35.664791021050235
TEST_1676,61.34707547333127
TEST_1677,117.7539115533524
TEST_1678,43.903286087502245
TEST_1679,88.52799686379592
TEST_1680,4.298958319096132
TEST_1681,50.56886098860055
TEST_1682,64.19522001066565
TEST_1683,145.0834160165215
TEST_1684,2.743215919764049
TEST_1685,32.413492651121686
TEST_1686,51.52487402810637
TEST_1687,18.057877103027156
TEST_1688,58.62107348681806
TEST_1689,75.95203457078728
TEST_1690,114.18585407676355
TEST_1691,188.02709307359305
TEST_1692,7.169850815776906
TEST_1693,55.89952128427128
TEST_1694,75.70348067304121
TEST_1695,124.14059357211846
TEST_1696,148.1382389766103
TEST_1697,24.770606900489337
TEST_1698,69.48598478343906
TEST_1699,136.82130378769406
TEST_1700,36.93102461902752
TEST_1701,35.85570862461991
TEST_1702,122.35528148201018
TEST_1703,13.36908852955791
TEST_1704,13.917558775217376
TEST_1705,77.91624242424241
TEST_1706,138.88170768316823
TEST_1707,5.899384789228818
TEST_1708,57.022351997218074
TEST_1709,176.1534604469574
TEST_1710,205.76617446673697
TEST_1711,29.60228825851337
TEST_1712,36.243020409270805
TEST_1713,23.792762896825394
TEST_1714,29.06736970225767
TEST_1715,84.48038890134814
TEST_1716,113.62533996706895
TEST_1717,117.10802818955604
TEST_1718,110.07411488398428
TEST_1719,185.07340476190478
TEST_1720,110.29982738095235
TEST_1721,16.08369608126028
TEST_1722,22.14332764360396
TEST_1723,204.40424872676348
TEST_1724,95.67630304417806
TEST_1725,26.2813981967422
TEST_1726,4.147120817245818
TEST_1727,47.637487616576415
TEST_1728,179.65466103341103
TEST_1729,111.62684158868564
TEST_1730,13.474365713273773
TEST_1731,109.53610732574097
TEST_1732,56.63962973525658
TEST_1733,29.931232731945926
TEST_1734,93.00655284992787
TEST_1735,25.54221626013991
TEST_1736,94.22104397428095
TEST_1737,63.96897190248059
TEST_1738,6.797736424130229
TEST_1739,217.79508956648493
TEST_1740,11.970346736596737
TEST_1741,244.12612680946506
TEST_1742,32.22341085555557
TEST_1743,151.0291738485175
TEST_1744,173.3913766233767
TEST_1745,130.27157448981544
TEST_1746,26.10114631150204
TEST_1747,120.85609797239712
TEST_1748,134.67389291264294
TEST_1749,177.3017648347065
TEST_1750,13.561751513994109
TEST_1751,11.036853852831218
TEST_1752,169.4740270162709
TEST_1753,190.388677363969
TEST_1754,81.86483200753854
TEST_1755,35.21067600776248
TEST_1756,141.0908029236617
TEST_1757,117.1244604476906
TEST_1758,145.41669673820329
TEST_1759,7.779351287429304
TEST_1760,182.8569078393826
TEST_1761,158.5989327168687
TEST_1762,54.8277688126035
TEST_1763,162.2416745909044
TEST_1764,125.27109129490579
TEST_1765,95.16973684924464
TEST_1766,12.353788984956758
TEST_1767,20.777728125188265
TEST_1768,191.45621102173754
TEST_1769,18.73025222704712
TEST_1770,44.937959252828634
TEST_1771,145.77234568228042
TEST_1772,107.95623187078621
TEST_1773,161.99718708493148
TEST_1774,4.34409526804765
TEST_1775,119.41073886980809
TEST_1776,181.88666237901776
TEST_1777,50.62204768812333
TEST_1778,183.3932857142857
TEST_1779,49.67390884193843
TEST_1780,10.397593300562015
TEST_1781,19.975866409758893
TEST_1782,48.25319028992583
TEST_1783,177.32270052962983
TEST_1784,93.51780966949717
TEST_1785,27.75980342841823
TEST_1786,80.31073680205672
TEST_1787,12.784084090580068
TEST_1788,174.7839836945267
TEST_1789,199.8901314730592
TEST_1790,77.54746392738643
TEST_1791,33.37958476526192
TEST_1792,171.81261548075156
TEST_1793,180.02528060741125
TEST_1794,162.86589534854116
TEST_1795,40.35290095117301
TEST_1796,57.12137925240449
TEST_1797,35.060717962889
TEST_1798,114.89495488371317
TEST_1799,204.4826173201799
TEST_1800,22.000832657559496
TEST_1801,13.767807917059917
TEST_1802,86.86412004909015
TEST_1803,117.20022420991799
TEST_1804,3.2608008517623746
TEST_1805,24.107092596807682
TEST_1806,7.020300661169782
TEST_1807,49.29820684439899
TEST_1808,14.753683966395922
TEST_1809,201.54749479902327
TEST_1810,65.07011054172277
TEST_1811,178.5484244633779
TEST_1812,22.58608096328183
TEST_1813,7.836230122649832
TEST_1814,21.67081955516396
TEST_1815,30.572613222146355
TEST_1816,30.168104259207077
TEST_1817,176.73462888320594
TEST_1818,114.83655419201075
TEST_1819,123.86580150355542
TEST_1820,149.77968124916433
TEST_1821,168.94813208614198
TEST_1822,54.540857995499444
TEST_1823,174.09102036421703
TEST_1824,261.91650342223136
TEST_1825,166.70536185397563
TEST_1826,67.53420708261567
TEST_1827,208.56735980273254
TEST_1828,19.75933467138821
TEST_1829,185.94485812125092
TEST_1830,48.259460515268444
TEST_1831,16.172099053724054
TEST_1832,27.386665318195195
TEST_1833,52.189407529284345
TEST_1834,99.91187139033529
TEST_1835,201.03137832280504
TEST_1836,21.654375946283277
TEST_1837,120.2509046563499
TEST_1838,32.43035976490079
TEST_1839,31.230348365594455
TEST_1840,75.95873858078568
TEST_1841,70.11897397518487
TEST_1842,205.60094554276128
TEST_1843,71.39290295815296
TEST_1844,11.889608898027115
TEST_1845,64.85697986673688
TEST_1846,133.54383364539225
TEST_1847,83.89952262797209
TEST_1848,192.27480660597575
TEST_1849,81.87013252306494
TEST_1850,8.753771135249082
TEST_1851,63.15907104344784
TEST_1852,168.24949135836843
TEST_1853,24.502008600855703
TEST_1854,121.96621920668912
TEST_1855,27.378252656935018
TEST_1856,50.85945864900198
TEST_1857,21.704954932596788
TEST_1858,85.21585116966365
TEST_1859,161.89274889188636
TEST_1860,112.49517536814405
TEST_1861,5.230696485080748
TEST_1862,194.5081163828185
TEST_1863,105.12691555152367
TEST_1864,40.08559474486118
TEST_1865,7.615912887540129
TEST_1866,125.84527222418464
TEST_1867,99.2820961527866
TEST_1868,12.911396244595633
TEST_1869,10.727302178557148
TEST_1870,207.98231182838933
TEST_1871,165.6817745205001
TEST_1872,181.5439061313083
TEST_1873,12.685709696972749
TEST_1874,101.59622955828654
TEST_1875,83.20914480283163
TEST_1876,30.41073963289023
TEST_1877,46.42363950074981
TEST_1878,144.47723254463853
TEST_1879,59.32668644468274
TEST_1880,178.8433856582965
TEST_1881,164.87571150901348
TEST_1882,107.66530148012771
TEST_1883,111.23663580989029
TEST_1884,89.82627331184813
TEST_1885,150.3365665047121
TEST_1886,9.916132920634624
TEST_1887,100.89053237022655
TEST_1888,212.25007404776147
TEST_1889,116.67306689062902
TEST_1890,176.67487570783865
TEST_1891,29.79187845393277
TEST_1892,117.24328079665396
TEST_1893,84.36363218310532
TEST_1894,139.1936216603245
TEST_1895,178.25257586449317
TEST_1896,53.55974109836851
TEST_1897,125.32261288134494
TEST_1898,75.33679650940007
TEST_1899,104.99569072776107
TEST_1900,223.39559415722812
TEST_1901,142.94987908194614
TEST_1902,160.27276752814126
TEST_1903,50.68969866966111
TEST_1904,12.912572627708096
TEST_1905,12.35304574305078
TEST_1906,21.010722017606792
TEST_1907,155.0044321209693
TEST_1908,24.848426913622767
TEST_1909,27.542322121465272
TEST_1910,184.30540490746873
TEST_1911,60.14203297862793
TEST_1912,17.72069059791387
TEST_1913,66.45226876893281
TEST_1914,8.113915152798231
TEST_1915,60.20998478221345
TEST_1916,136.73462537139483
TEST_1917,118.94622388494813
TEST_1918,39.13352676929222
TEST_1919,132.51806085470926
TEST_1920,82.48448114244039
TEST_1921,214.81272799603778
TEST_1922,169.07858498023717
TEST_1923,198.87733893000234
TEST_1924,163.06811183443094
TEST_1925,164.77593097042296
TEST_1926,13.019747202998252
TEST_1927,58.51955486504641
TEST_1928,20.624566536232745
TEST_1929,138.34848196656287
TEST_1930,178.43991631376213
TEST_1931,156.20403336380352
TEST_1932,168.26402653304908
TEST_1933,10.016841044194338
TEST_1934,102.77443702864994
TEST_1935,4.814277043593944
TEST_1936,100.91986825946542
TEST_1937,139.65294194267346
TEST_1938,107.04661927024334
TEST_1939,25.344143982709394
TEST_1940,148.38917238377388
TEST_1941,123.25298250751925
TEST_1942,18.708694831084877
TEST_1943,42.248847116274334
TEST_1944,123.06407010383737
TEST_1945,30.142144150076465
TEST_1946,37.49692569832128
TEST_1947,192.9210303932179
TEST_1948,25.54767830997647
TEST_1949,68.20958105160905
TEST_1950,54.69160794998632
TEST_1951,93.74750621527595
TEST_1952,192.963394404572
TEST_1953,44.98044825095905
TEST_1954,33.05344443917852
TEST_1955,92.49179305913952
TEST_1956,231.46074757187256
TEST_1957,65.7221933957855
TEST_1958,16.010346459487483
TEST_1959,84.94682961279199
TEST_1960,54.10054921427758
TEST_1961,39.491037458200324
TEST_1962,64.45761767341898
TEST_1963,151.56047274280746
TEST_1964,14.66997275530269
TEST_1965,19.8325885589842
TEST_1966,22.842711574880155
TEST_1967,18.294722329865472
TEST_1968,201.36830235258083
TEST_1969,17.44648136951808
TEST_1970,88.58609977369724
TEST_1971,222.63866331437814
TEST_1972,23.939198306477287
TEST_1973,176.91386152954732
TEST_1974,29.74923943509334
TEST_1975,11.116513149374544
TEST_1976,182.23782632032996
TEST_1977,144.84016636142712
TEST_1978,17.32750146424097
TEST_1979,59.01347324466041
TEST_1980,147.97627263066997
TEST_1981,78.86614939738622
TEST_1982,161.6674614103498
TEST_1983,207.04587652625153
TEST_1984,62.37306224682075
TEST_1985,229.1106365078476
TEST_1986,123.925204624449
TEST_1987,10.584441273060582
TEST_1988,35.96745283705488
TEST_1989,72.28981757413553
TEST_1990,87.29364770238321
TEST_1991,30.838314271985336
TEST_1992,33.15399985145573
TEST_1993,29.726954833006467
TEST_1994,47.298773926266016
TEST_1995,174.99867282186867
TEST_1996,137.6820502099713
TEST_1997,136.05500315874636
TEST_1998,86.4638230900008
TEST_1999,127.8363652938359
TEST_2000,20.177702732705285
TEST_2001,165.9488410044417
TEST_2002,75.68155800537184
TEST_2003,45.92296036568573
TEST_2004,30.356535290897273
TEST_2005,158.4597199056628
TEST_2006,13.207779076576353
TEST_2007,21.569313704907742
TEST_2008,193.34347936128196
TEST_2009,149.31151054719513
TEST_2010,59.70904712824052
TEST_2011,239.61365391261916
TEST_2012,174.44124031063726
TEST_2013,54.03273139460461
TEST_2014,49.30750799942256
TEST_2015,97.03755389121963
TEST_2016,163.85357121014349
TEST_2017,163.04797434822206
TEST_2018,49.23615017721643
TEST_2019,83.1690541173802
TEST_2020,92.22464088138797
TEST_2021,53.67263547016573
TEST_2022,156.18674329377316
TEST_2023,90.63782486957483
TEST_2024,28.598036290702808
TEST_2025,161.40468155038957
TEST_2026,147.91548903527104
TEST_2027,212.0052202380952
TEST_2028,77.26048671038227
TEST_2029,65.59225281077853
TEST_2030,14.45508653285704
TEST_2031,27.051226240267393
TEST_2032,71.70221231922962
TEST_2033,7.105053036795418
TEST_2034,103.03485356595552
TEST_2035,17.491993473986692
TEST_2036,3.369817399960843
TEST_2037,78.94029431139235
TEST_2038,17.876699896209566
TEST_2039,52.80096847782342
TEST_2040,215.80508784198267
TEST_2041,5.783255156102024
TEST_2042,40.79463688670114
TEST_2043,18.012784280251136
TEST_2044,86.90088586832013
TEST_2045,91.76618745488211
TEST_2046,38.85879285465643
TEST_2047,84.87906045035378
TEST_2048,23.27124892483089
TEST_2049,245.73639946711424
TEST_2050,108.51433758049521
TEST_2051,12.950334227174094
TEST_2052,109.92278304115494
TEST_2053,22.16195062201088
TEST_2054,114.62097089372335
TEST_2055,57.82185174382305
TEST_2056,100.91263697771497
TEST_2057,140.95334981221885
TEST_2058,98.78584723742216
TEST_2059,140.5634507279775
TEST_2060,38.757168133860084
TEST_2061,157.08280401384425
TEST_2062,213.37552548817672
TEST_2063,173.8980875388723
TEST_2064,160.68804676055404
TEST_2065,27.471665869383482
TEST_2066,30.10401645999993
TEST_2067,72.10680585956031
TEST_2068,33.553254387484984
TEST_2069,140.38379334502213
TEST_2070,49.075559579364
TEST_2071,110.45468295861058
TEST_2072,123.32056769829768
TEST_2073,80.141651911097
TEST_2074,159.87159930839067
TEST_2075,146.54717848782101
TEST_2076,77.4681856962482
TEST_2077,108.78637354312356
TEST_2078,72.03220217750214
TEST_2079,156.65538305953424
TEST_2080,102.26349645744072
TEST_2081,90.47565656979488
TEST_2082,78.20881806554256
TEST_2083,53.94188343500382
TEST_2084,109.51714575702077
TEST_2085,207.3178177507191
TEST_2086,177.57713103479935
TEST_2087,20.111311214918125
TEST_2088,34.573030769386904
TEST_2089,28.800825584430093
TEST_2090,115.00208249635993
TEST_2091,29.050579979132717
TEST_2092,6.6446009611390044
TEST_2093,240.42922759547218
TEST_2094,85.80710968763346
TEST_2095,22.372959854155507
TEST_2096,94.07014447480626
TEST_2097,84.18205229913048
TEST_2098,33.687718426744205
TEST_2099,12.371257696312604
TEST_2100,68.55729177771735
TEST_2101,76.41619235780131
TEST_2102,13.510854764813196
TEST_2103,47.18112272708586
TEST_2104,20.766055469113883
TEST_2105,207.16670676904067
TEST_2106,3.743320478118374
TEST_2107,116.03154485682808
TEST_2108,106.44805168753733
TEST_2109,32.27592916227607
TEST_2110,82.96017986253513
TEST_2111,15.927776325732355
TEST_2112,179.3827722717098
TEST_2113,70.43957327476446
TEST_2114,36.62919932844934
TEST_2115,106.79960124036825
TEST_2116,182.46382878801384
TEST_2117,205.60085282510542
TEST_2118,31.779074944634967
TEST_2119,107.0526782192801
TEST_2120,65.71514768985745
TEST_2121,105.50136829763878
TEST_2122,22.787374968641608
TEST_2123,44.25576942501942
TEST_2124,150.5247839188267
TEST_2125,116.61457815598727
TEST_2126,53.88491525877322
TEST_2127,113.98877054314795
TEST_2128,31.94433482688497
TEST_2129,4.626495056544228
TEST_2130,154.70738480301142
TEST_2131,238.91116382147266
TEST_2132,62.136299477730844
TEST_2133,13.962057908423468
TEST_2134,6.4942837581712265
TEST_2135,109.40912961159206
TEST_2136,241.6205373376623
TEST_2137,74.36934451928958
TEST_2138,127.40265808259305
TEST_2139,3.3174783845701876
TEST_2140,73.51478061245427
TEST_2141,70.13025068686926
TEST_2142,2.3825464135734777
TEST_2143,15.512688666781772
TEST_2144,64.49328136665967
TEST_2145,186.31650255508382
TEST_2146,100.53347159684785
TEST_2147,211.00956787901643
TEST_2148,99.84769360800911
TEST_2149,5.844152888465824
TEST_2150,226.82738672438666
TEST_2151,139.15512094796256
TEST_2152,217.6235019925091
TEST_2153,22.7333739031866
TEST_2154,52.56373015220074
TEST_2155,188.76768181344795
TEST_2156,6.184111166909
TEST_2157,145.59266684625447
TEST_2158,11.458871390455947
TEST_2159,134.23600148788222
TEST_2160,55.532620947382675
TEST_2161,149.7083087569762
TEST_2162,88.36386845032348
TEST_2163,46.54849311810453
TEST_2164,29.0050729762084
TEST_2165,67.50049842276539
TEST_2166,67.71904116857401
TEST_2167,71.6488894395637
TEST_2168,11.379898060914657
TEST_2169,49.422397391752895
TEST_2170,155.31318262493218
TEST_2171,221.1002200152789
TEST_2172,11.141258821702785
TEST_2173,102.16287077427023
TEST_2174,159.5129896609332
TEST_2175,36.729183877295135
TEST_2176,25.260107501098208
TEST_2177,92.60749909243742
TEST_2178,170.9082723051671
TEST_2179,118.09415566668473
TEST_2180,4.444404761904762
TEST_2181,97.52413818126317
TEST_2182,102.68126976459723
TEST_2183,99.25342238720917
TEST_2184,9.726427113422817
TEST_2185,152.33022593272875
TEST_2186,204.98934021411594
TEST_2187,4.08404365079365
TEST_2188,77.38447053531263
TEST_2189,158.96937589071962
TEST_2190,96.47809346574275
TEST_2191,192.05059243943194
TEST_2192,149.3588300895741
TEST_2193,14.063996166866016
TEST_2194,129.7428069083694
TEST_2195,26.45656526315182
TEST_2196,116.76246056640747
TEST_2197,153.79554944880417
TEST_2198,93.2928489427417
TEST_2199,137.99153384115883
TEST_2200,31.42961287108286
TEST_2201,113.03288887150322
TEST_2202,189.45572731193926
TEST_2203,113.72449311242302
TEST_2204,20.471353150924738
TEST_2205,110.72813623046481
TEST_2206,201.9340358669109
TEST_2207,163.62396591970122
TEST_2208,63.77642692582867
TEST_2209,72.34553454418676
TEST_2210,90.1307313957339
TEST_2211,50.84512470923797
TEST_2212,55.06831622208567
TEST_2213,145.7364565319606
TEST_2214,125.46472144644572
TEST_2215,132.80572206446305
TEST_2216,58.38668084339233
TEST_2217,68.84327667118018
TEST_2218,172.02361837353587
TEST_2219,18.483784967945425
TEST_2220,155.5637319131247
TEST_2221,122.24827692464288
TEST_2222,122.37026496568707
TEST_2223,39.635577245443315
TEST_2224,47.8327142732998
TEST_2225,20.488244115642324
TEST_2226,67.23859069496005
TEST_2227,46.631695363243644
TEST_2228,175.7466248573319
TEST_2229,10.631870634242302
TEST_2230,119.76064396811783
TEST_2231,65.36698583748078
TEST_2232,180.61980469696715
TEST_2233,106.01334153980696
TEST_2234,41.59466447441448
TEST_2235,68.8719921779203
TEST_2236,115.79227263917029
TEST_2237,108.74913467859682
TEST_2238,168.3273233723473
TEST_2239,197.98243355227282
TEST_2240,60.18728738232679
TEST_2241,81.18936480811577
TEST_2242,67.57005456143399
TEST_2243,47.58561403289693
TEST_2244,78.788992851829
TEST_2245,41.78309837599507
TEST_2246,13.038972394562261
TEST_2247,130.90190249449944
TEST_2248,164.92753350422558
TEST_2249,31.931115359131123
TEST_2250,149.36340501423237
TEST_2251,147.20249374830874
TEST_2252,124.81270367114811
TEST_2253,218.54767240006368
TEST_2254,19.90971236197278
TEST_2255,13.638908172364413
TEST_2256,15.944480862430353
TEST_2257,23.853959823663505
TEST_2258,98.30735990017267
TEST_2259,92.37542276664279
TEST_2260,191.47493208705583
TEST_2261,38.32190374419041
TEST_2262,128.83258682983683
TEST_2263,18.083537467381408
TEST_2264,50.58679103370875
TEST_2265,15.700089475582898
TEST_2266,124.9716529195349
TEST_2267,6.167551776398097
TEST_2268,196.50351470678453
TEST_2269,19.850594207438185
TEST_2270,107.27805471542291
TEST_2271,210.41020841560982
TEST_2272,13.004896313801776
TEST_2273,99.84978668484108
TEST_2274,155.2591307970322
TEST_2275,56.35501204808454
TEST_2276,124.52482191711799
TEST_2277,186.97503399736226
TEST_2278,140.1076667832547
TEST_2279,97.9626855726576
TEST_2280,184.93453644785316
TEST_2281,190.77096428571437
TEST_2282,37.124998928387825
TEST_2283,64.30771223022549
TEST_2284,52.98668688837265
TEST_2285,93.5020346526431
TEST_2286,62.07639123085778
TEST_2287,175.1277127093324
TEST_2288,183.29295179567038
TEST_2289,98.20666653485405
TEST_2290,22.31281567015383
TEST_2291,46.86921839310776
TEST_2292,107.26873192607098
TEST_2293,52.80199413960469
TEST_2294,181.70488449301556
TEST_2295,21.530205654416164
TEST_2296,195.865057983683
TEST_2297,41.01919467764078
TEST_2298,195.63618205405706
TEST_2299,5.412430951504884
TEST_2300,54.587227810055445
TEST_2301,29.975188202799607
TEST_2302,140.0934496507043
TEST_2303,164.05501130186968
TEST_2304,42.568962219975454
TEST_2305,46.978296322612984
TEST_2306,161.06848992877173
TEST_2307,84.56068714130342
TEST_2308,154.70377434521941
TEST_2309,29.995975376960097
TEST_2310,29.23818182874407
TEST_2311,124.33644949017372
TEST_2312,171.43377417585657
TEST_2313,56.04223606530818
TEST_2314,32.85915953754287
TEST_2315,171.71190811241541
TEST_2316,26.77265134056875
TEST_2317,201.20627549966488
TEST_2318,109.50233091046903
TEST_2319,21.568869947026425
TEST_2320,152.55460325685124
TEST_2321,106.94203473216591
TEST_2322,134.86555494297417
TEST_2323,133.64758529337234
TEST_2324,157.2937513588795
TEST_2325,152.72016582750575
TEST_2326,58.222956653590245
TEST_2327,155.02129946781204
TEST_2328,130.02654282214397
TEST_2329,166.4438992265904
TEST_2330,14.055529896273315
TEST_2331,171.83945880076794
TEST_2332,23.201180045509187
TEST_2333,91.03949191028026
TEST_2334,12.821110394517406
TEST_2335,208.13715956264747
TEST_2336,42.08738090830739
TEST_2337,48.51930960583533
TEST_2338,98.39136815154221
TEST_2339,12.11191295101017
TEST_2340,44.65783733096968
TEST_2341,102.83598351708298
TEST_2342,94.98259373169886
TEST_2343,65.39873261474096
TEST_2344,93.99049605584989
TEST_2345,180.78583626864125
TEST_2346,22.31044716775957
TEST_2347,40.7591386125624
TEST_2348,202.98873065799148
TEST_2349,118.49641261660013
TEST_2350,105.82157245880866
TEST_2351,235.11177809690307
TEST_2352,126.18414510061244
TEST_2353,165.44404495227977
TEST_2354,185.82525433575327
TEST_2355,16.692219764220567
TEST_2356,124.6701745132364
TEST_2357,56.50182716734431
TEST_2358,2.952614826306921
TEST_2359,24.926262446277573
TEST_2360,22.6186735132987
TEST_2361,178.39876559221605
TEST_2362,27.463236593798356
TEST_2363,19.468213168688298
TEST_2364,159.16259351042794
TEST_2365,21.920509881133995
TEST_2366,101.50340750376822
TEST_2367,218.3397381036202
TEST_2368,221.4770938796382
TEST_2369,107.06608572344425
TEST_2370,97.79516658672499
TEST_2371,157.99381254882528
TEST_2372,150.568873056406
TEST_2373,89.13805267520942
TEST_2374,20.730577242984772
TEST_2375,43.77402148703307
TEST_2376,16.79668578700711
TEST_2377,19.264874374211455
TEST_2378,11.342078749063539
TEST_2379,17.433782430160242
TEST_2380,17.886063042920284
TEST_2381,172.7950196827895
TEST_2382,49.6247034210808
TEST_2383,12.304476387974535
TEST_2384,163.53799311371208
TEST_2385,73.59302851507488
TEST_2386,55.030274586729284
TEST_2387,172.31319437753893
TEST_2388,148.02567477918964
TEST_2389,150.75892335606716
TEST_2390,66.48921044956172
TEST_2391,62.00738303339676
TEST_2392,10.28762132956861
TEST_2393,193.15014646464647
TEST_2394,145.87118584411303
TEST_2395,111.41607601909556
TEST_2396,33.239334815070414
TEST_2397,87.93278877554881
TEST_2398,27.141054566768926
TEST_2399,83.42284413462356
TEST_2400,146.089046571603
TEST_2401,91.60762824675325
TEST_2402,27.383559399198585
TEST_2403,180.53886946152446
TEST_2404,4.234503432437643
TEST_2405,172.0069747853862
TEST_2406,61.91532860618462
TEST_2407,64.79527869090721
TEST_2408,60.40177334702451
TEST_2409,197.63956134594684
TEST_2410,19.22156911267758
TEST_2411,136.70174243391773
TEST_2412,183.7428261517037
TEST_2413,9.409623345614246
TEST_2414,179.7407508240068
TEST_2415,17.663635463524464
TEST_2416,49.532469622222024
TEST_2417,155.55981761510148
TEST_2418,17.579850608821683
TEST_2419,99.67929946863354
TEST_2420,96.86581989803155
TEST_2421,140.8542182456773
TEST_2422,28.072844799275746
TEST_2423,115.89906370170682
TEST_2424,33.80746428140511
TEST_2425,111.57380723301736
TEST_2426,14.812811806550934
TEST_2427,117.82794855417762
TEST_2428,9.810171910421836
TEST_2429,4.0073958172458175
TEST_2430,144.321153106418
TEST_2431,154.64783030182488
TEST_2432,181.85335562739044
TEST_2433,77.15824660781307
TEST_2434,63.98287707314401
TEST_2435,68.12743082611831
TEST_2436,11.856869806119805
TEST_2437,155.05532450623485
TEST_2438,189.32586575687313
TEST_2439,38.47852063386017
TEST_2440,128.6467581817179
TEST_2441,10.106623190865207
TEST_2442,29.990508840368435
TEST_2443,115.05124503279038
TEST_2444,103.85806077036996
TEST_2445,10.476709708996234
TEST_2446,48.61081584694094
TEST_2447,100.50156011963183
TEST_2448,102.41068374499895
TEST_2449,90.47098989458189
TEST_2450,115.41458319442557
TEST_2451,35.37216873937482
TEST_2452,16.28233105425688
TEST_2453,96.75294466947463
TEST_2454,190.214315018315
TEST_2455,132.76114832009668
TEST_2456,9.80807072273059
TEST_2457,256.39575595238097
TEST_2458,151.51179869377427
TEST_2459,97.3462485948532
TEST_2460,259.9657802287582
TEST_2461,56.51096253884086
TEST_2462,170.21059783335738
TEST_2463,43.32430514823798
TEST_2464,136.3402935024205
TEST_2465,106.64312018869231
TEST_2466,24.36726344156945
TEST_2467,95.29333273278652
TEST_2468,2.696187825130052
TEST_2469,12.196796934380496
TEST_2470,194.8900336934231
TEST_2471,227.85567925130428
TEST_2472,31.302003715491413
TEST_2473,94.64031548663654
TEST_2474,69.71469188257832
TEST_2475,141.1772348401939
TEST_2476,14.520140474609773
TEST_2477,109.5472105618555
TEST_2478,89.68581472832204
TEST_2479,66.88422665348756
TEST_2480,116.07145056242054
TEST_2481,222.37701889703865
TEST_2482,30.557753554490137
TEST_2483,17.72998813781727
TEST_2484,66.18594676849915
TEST_2485,49.287598057783725
TEST_2486,104.16087683380718
TEST_2487,204.20442498624575
TEST_2488,109.20768908601616
TEST_2489,4.27237540975054
TEST_2490,28.95634523809524
TEST_2491,72.16893631100515
TEST_2492,8.142045375612085
TEST_2493,58.215689338636636
TEST_2494,227.57890464519147
TEST_2495,2.918729861271956
TEST_2496,59.87927716053157
TEST_2497,44.07638680750792
TEST_2498,155.10556954122592
TEST_2499,188.58551586578128
TEST_2500,66.30572615536073
TEST_2501,89.13928702773813
TEST_2502,152.7674563490998
TEST_2503,76.0176698077625
TEST_2504,130.18459284517382
TEST_2505,152.99390044695218
TEST_2506,149.91108977664956
TEST_2507,23.840004501256775
TEST_2508,116.1641731769638
TEST_2509,31.253097980058374
TEST_2510,76.75524856727873
TEST_2511,49.288911574055454
TEST_2512,205.7132492828262
TEST_2513,225.3026121449416
TEST_2514,13.354281424520844
TEST_2515,242.13819606782107
TEST_2516,71.42726602564103
TEST_2517,55.625899330961175
TEST_2518,75.66750854788488
TEST_2519,50.00530052467586
TEST_2520,87.37855099517772
TEST_2521,17.058241921593815
TEST_2522,48.58470578984211
TEST_2523,28.814275281557133
TEST_2524,78.6897062675905
TEST_2525,36.675429223416565
TEST_2526,22.421342783006985
TEST_2527,33.270724954805495
TEST_2528,174.02225266979517
TEST_2529,15.338359796402331
TEST_2530,42.8529160877325
TEST_2531,45.327548175143576
TEST_2532,166.88561890865327
TEST_2533,6.342760943701382
TEST_2534,136.69236482782944
TEST_2535,113.69242999591368
TEST_2536,88.60608238343184
TEST_2537,79.21719786906459
TEST_2538,173.5906231083841
TEST_2539,22.845883120268084
TEST_2540,44.032938957501734
TEST_2541,62.41435233516483
TEST_2542,44.78927582899676
TEST_2543,115.82406705258428
TEST_2544,35.035502643834135
TEST_2545,107.25510619658552
TEST_2546,2.728720071912713
TEST_2547,46.140432139281714
TEST_2548,40.02686554374138
TEST_2549,35.385421313529
TEST_2550,24.621441980302492
TEST_2551,50.285260720802796
TEST_2552,163.85404298742478
TEST_2553,198.41550142579374
TEST_2554,87.03681115474654
TEST_2555,16.759603931511645
TEST_2556,173.09718379515363
TEST_2557,33.586953236135834
TEST_2558,52.41742751324592
TEST_2559,89.09884053732476
TEST_2560,176.4490283289985
TEST_2561,48.584479812632715
TEST_2562,102.46904888386072
TEST_2563,116.39191132016128
TEST_2564,203.86614285714288
TEST_2565,133.7258623255106
TEST_2566,166.69764891819278
TEST_2567,39.6683581416888
TEST_2568,193.3230064046793
TEST_2569,104.89309633811177
TEST_2570,58.5468897432007
TEST_2571,120.78772742686343
TEST_2572,88.18696812504382
TEST_2573,106.914139974211
TEST_2574,74.43456615952415
TEST_2575,115.12980226140974
TEST_2576,47.245101688318066
TEST_2577,158.24151887041666
TEST_2578,5.264752987433558
TEST_2579,137.3878959181685
TEST_2580,218.3594210454578
TEST_2581,84.34442528761213
TEST_2582,138.69323508244207
TEST_2583,47.458255976162874
TEST_2584,30.941433058893725
TEST_2585,46.36513975137865
TEST_2586,95.50064195043431
TEST_2587,16.122098556216926
TEST_2588,139.67441880865684
TEST_2589,44.3876470988162
TEST_2590,80.18033643853316
TEST_2591,98.42317273049974
TEST_2592,24.98517064685224
TEST_2593,26.757479509910727
TEST_2594,34.6840255876264
TEST_2595,101.88414141022022
TEST_2596,94.5198501085426
TEST_2597,46.3221670041526
TEST_2598,31.218777193559518
TEST_2599,104.2589278346082
TEST_2600,69.41639363135238
TEST_2601,76.4833393115734
TEST_2602,204.95845562770563
TEST_2603,201.9135020457075
TEST_2604,48.831564718051276
TEST_2605,129.36953599591098
TEST_2606,23.72883570718628
TEST_2607,130.7349026629504
TEST_2608,151.6218922344034
TEST_2609,208.73215758424584
TEST_2610,176.32076334776337
TEST_2611,67.97007342773985
TEST_2612,101.69217992210268
TEST_2613,13.481707404023043
TEST_2614,23.87331790987006
TEST_2615,103.81329767196922
TEST_2616,18.64727086802087
TEST_2617,137.43400465580456
TEST_2618,172.41818106033566
TEST_2619,34.170508680364826
TEST_2620,145.6536485926949
TEST_2621,22.870200335623764
TEST_2622,184.78999651612577
TEST_2623,104.9248489219114
TEST_2624,106.88305280176012
TEST_2625,10.744174742450175
TEST_2626,31.480494830240918
TEST_2627,105.91046051656278
TEST_2628,202.66756232656232
TEST_2629,17.18543980367931
TEST_2630,7.065726546158957
TEST_2631,43.47569746982787
TEST_2632,15.168105513736283
TEST_2633,94.43504270952586
TEST_2634,157.5409791456863
TEST_2635,52.95317884985381
TEST_2636,196.13743415612163
TEST_2637,132.2539496128871
TEST_2638,99.57141748334512
TEST_2639,110.51034187724878
TEST_2640,13.978938977276593
TEST_2641,94.47465373515375
TEST_2642,65.82304561442608
TEST_2643,21.655440106033783
TEST_2644,180.69001771212845
TEST_2645,237.62705485563038
TEST_2646,172.61616855600226
TEST_2647,107.41250853539283
TEST_2648,111.16440158414183
TEST_2649,92.2312749273574
TEST_2650,147.11830103002504
TEST_2651,21.98265350502572
TEST_2652,170.01790454481207
TEST_2653,101.66787709213311
TEST_2654,43.38645677719534
TEST_2655,76.06602349053425
TEST_2656,79.30002576455803
TEST_2657,7.636900690583658
TEST_2658,153.33759962140397
TEST_2659,49.60660106593501
TEST_2660,48.00100959646994
TEST_2661,12.034528320177706
TEST_2662,198.10069608902998
TEST_2663,22.64100227779838
TEST_2664,12.373153673144127
TEST_2665,102.82287167157554
TEST_2666,21.338116900015333
TEST_2667,89.53308807875445
TEST_2668,177.53714353190236
TEST_2669,121.32384156121655
TEST_2670,152.05087271062268
TEST_2671,14.155174980637163
TEST_2672,52.990474467290824
TEST_2673,66.2772965342084
TEST_2674,61.432725750240934
TEST_2675,206.3975133691528
TEST_2676,138.72867133014768
TEST_2677,143.7766905004979
TEST_2678,135.64763115311771
TEST_2679,43.769531094204694
TEST_2680,148.23413739813446
TEST_2681,87.74557787311127
TEST_2682,12.411852627139858
TEST_2683,187.43525367225374
TEST_2684,104.5068369826464
TEST_2685,30.415065131103592
TEST_2686,26.854081166298567
TEST_2687,23.131558578762025
TEST_2688,189.59709920634918
TEST_2689,35.495958637572286
TEST_2690,92.33482388774023
TEST_2691,73.54806515212515
TEST_2692,52.77028817559484
TEST_2693,72.14706867902008
TEST_2694,70.5122237026948
TEST_2695,76.35856339213512
TEST_2696,10.904257521932987
TEST_2697,107.73251818238474
TEST_2698,13.261973702858965
TEST_2699,15.780984705353125
TEST_2700,79.24253284215783
TEST_2701,175.91921687875035
TEST_2702,108.20823514348484
TEST_2703,48.87143616051474
TEST_2704,183.2607281746032
TEST_2705,214.85496028647165
TEST_2706,65.20907632612912
TEST_2707,23.70151951184354
TEST_2708,101.84633286261314
TEST_2709,43.20614688736185
TEST_2710,28.144730089208988
TEST_2711,9.99812018699773
TEST_2712,166.57001137568324
TEST_2713,97.06367552716277
TEST_2714,28.68888545437239
TEST_2715,191.13205616320818
TEST_2716,149.25642736825728
TEST_2717,81.88766570778722
TEST_2718,63.57448794083649
TEST_2719,28.953484806070932
TEST_2720,156.8158388456827
TEST_2721,7.446915603925078
TEST_2722,85.44972277041411
TEST_2723,123.38668324542749
TEST_2724,20.58969680196753
TEST_2725,14.84693468708842
TEST_2726,169.59321030936516
TEST_2727,13.089401605167554
TEST_2728,7.475365750871041
TEST_2729,166.99523556601923
TEST_2730,85.66006285073297
TEST_2731,68.31330373531928
TEST_2732,31.308536110229475
TEST_2733,52.513054741125046
TEST_2734,226.63901176601178
TEST_2735,68.06126521940038
TEST_2736,141.83060506622292
TEST_2737,169.0004670174597
TEST_2738,52.62186455092724
TEST_2739,82.41294502600981
TEST_2740,56.8389564196872
TEST_2741,169.14086749867772
TEST_2742,80.35444282099685
TEST_2743,156.014566212581
TEST_2744,21.780285843382668
TEST_2745,22.191771604455344
TEST_2746,7.008441354196616
TEST_2747,141.93613149022033
TEST_2748,25.736183940558245
TEST_2749,190.26296419552673
TEST_2750,168.41936459266043
TEST_2751,245.63583168045668
TEST_2752,117.6715335220335
TEST_2753,4.186659035409035
TEST_2754,89.3526307218231
TEST_2755,162.33075504733816
TEST_2756,119.48094561411187
TEST_2757,174.4736998232027
TEST_2758,62.04218813501579
TEST_2759,30.10334240288501
TEST_2760,54.45710851795583
TEST_2761,21.523197213509548
TEST_2762,137.59134956709957
TEST_2763,25.048187707282935
TEST_2764,140.6826353657507
TEST_2765,174.83965208995787
TEST_2766,9.128635880779006
TEST_2767,57.12972696385766
TEST_2768,25.832057228849713
TEST_2769,3.126695422398809
TEST_2770,40.20231733176954
TEST_2771,157.98554509941943
TEST_2772,130.14473328280843
TEST_2773,7.930045587860244
TEST_2774,203.56854600186242
TEST_2775,5.56152943118364
TEST_2776,194.14332017713033
TEST_2777,52.28430465367966
TEST_2778,143.21526869297523
TEST_2779,56.014437728937736
TEST_2780,6.339754453911604
TEST_2781,41.45129608406939
TEST_2782,144.52577644960178
TEST_2783,94.21474588492005
TEST_2784,36.90454371758737
TEST_2785,15.898398867432858
TEST_2786,68.97983113828896
TEST_2787,102.04320287855154
TEST_2788,16.91768057052664
TEST_2789,186.23203697807324
TEST_2790,154.64345342496577
TEST_2791,207.85879599567102
TEST_2792,24.51263236149732
TEST_2793,168.12888721814295
TEST_2794,94.5572772925847
TEST_2795,103.32475215934933
TEST_2796,56.88130481313938
TEST_2797,114.09618176268177
TEST_2798,14.23143778915259
TEST_2799,176.89520075095396
TEST_2800,154.56759780778646
TEST_2801,100.50171148000759
TEST_2802,158.049349867244
TEST_2803,27.20850131273314
TEST_2804,163.2935415510852
TEST_2805,76.8926115466581
TEST_2806,19.900112717943657
TEST_2807,12.75392827788795
TEST_2808,66.82989545004617
TEST_2809,31.465513231573127
TEST_2810,38.48365115772459
TEST_2811,30.34225793650794
TEST_2812,106.65956792384458
TEST_2813,33.634475963170814
TEST_2814,1.4550171192755679
TEST_2815,218.38818798576744
TEST_2816,159.30084954368843
TEST_2817,76.44731704018524
TEST_2818,55.658211927139355
TEST_2819,25.304174793304583
TEST_2820,109.76602285105935
TEST_2821,31.21797009738098
TEST_2822,135.47523129002983
TEST_2823,139.6027010232029
TEST_2824,136.90053294954717
TEST_2825,202.99962652771202
TEST_2826,129.44828161144457
TEST_2827,117.70058161378854
TEST_2828,100.84875200980845
TEST_2829,72.33188185953044
TEST_2830,186.6779399065846
TEST_2831,4.068079004329005
TEST_2832,45.918329336750396
TEST_2833,132.26111808004381
TEST_2834,26.119737061839214
TEST_2835,95.63746270449967
TEST_2836,103.33807946619064
TEST_2837,87.22622663029728
TEST_2838,256.2169838432981
TEST_2839,162.8688851717615
TEST_2840,6.37878849098264
TEST_2841,6.506096923551764
TEST_2842,66.49667780367783
TEST_2843,200.8546587078173
TEST_2844,67.3735245494615
TEST_2845,134.2776158145261
TEST_2846,4.799085551891259
TEST_2847,16.939935852159536
TEST_2848,32.94036527135197
TEST_2849,108.9975835541093
TEST_2850,56.892475046195635
TEST_2851,181.60186390483824
TEST_2852,66.62158106534896
TEST_2853,62.995106524840374
TEST_2854,21.423772178012133
TEST_2855,168.85357499613437
TEST_2856,124.71331152181153
TEST_2857,125.40925994355207
TEST_2858,228.04093488455982
TEST_2859,15.749021474788295
TEST_2860,31.890793214407832
TEST_2861,33.995946147853424
TEST_2862,81.78910311211129
TEST_2863,18.81460898871695
TEST_2864,13.981318312413707
TEST_2865,32.764526143157056
TEST_2866,23.287434476053864
TEST_2867,65.65492045317752
TEST_2868,11.775630665912674
TEST_2869,51.136824188189706
TEST_2870,63.910295374472305
TEST_2871,33.48160448864861
TEST_2872,168.1638641001561
TEST_2873,143.03316578067614
TEST_2874,16.926975611435008
TEST_2875,152.79299330796096
TEST_2876,88.87354136123913
TEST_2877,195.95404519670916
TEST_2878,80.41053137434841
TEST_2879,71.94288171241382
TEST_2880,111.38749003564634
TEST_2881,1.5077100177304965
TEST_2882,24.915931529267823
TEST_2883,5.697095394857908
TEST_2884,196.06770295778216
TEST_2885,170.53263702712553
TEST_2886,97.73406913381955
TEST_2887,39.56569585715734
TEST_2888,36.7333197841998
TEST_2889,114.29026791803997
TEST_2890,33.27787971494271
TEST_2891,112.1598737136479
TEST_2892,107.35956316532642
TEST_2893,9.951246250261953
TEST_2894,151.49014145874958
TEST_2895,130.30247322886152
TEST_2896,52.12081071937812
TEST_2897,16.98122949923356
TEST_2898,28.94391301589299
TEST_2899,174.38423809523812
TEST_2900,107.09627660907104
TEST_2901,168.82425517691902
TEST_2902,254.88410714285715
TEST_2903,117.73543325909615
TEST_2904,57.57958331785469
TEST_2905,164.03477525252526
TEST_2906,61.45963010751234
TEST_2907,32.28363519760781
TEST_2908,57.50103427128427
TEST_2909,217.87061904761904
TEST_2910,42.84798292737907
TEST_2911,41.97243036376864
TEST_2912,43.23266938028768
TEST_2913,62.14696030343482
TEST_2914,15.10386100447982
TEST_2915,55.646197615411495
TEST_2916,141.61666984550536
TEST_2917,80.87235676657475
TEST_2918,68.78663007112326
TEST_2919,8.995507454014547
TEST_2920,103.39850796195657
TEST_2921,14.531469271559077
TEST_2922,2.656625
TEST_2923,205.4669140448403
TEST_2924,87.9898691315994
TEST_2925,203.9187921281935
TEST_2926,36.566278733699036
TEST_2927,181.43239900560172
TEST_2928,33.394949601066344
TEST_2929,141.9388952246584
TEST_2930,100.67223206330216
TEST_2931,43.00973553382402
TEST_2932,162.34734585361915
TEST_2933,48.579907634848816
TEST_2934,196.42515997227306
TEST_2935,202.8170895089531
TEST_2936,153.47759588777237
TEST_2937,184.8351489112739
TEST_2938,163.57407974960842
TEST_2939,54.78335879856062
TEST_2940,151.31165927305258
TEST_2941,77.09942245332071
TEST_2942,182.4077404617086
TEST_2943,81.81306857626225
TEST_2944,118.42961026385863
TEST_2945,119.85919802630943
TEST_2946,107.3839037615435
TEST_2947,12.81901969626807
TEST_2948,93.90480550275801
TEST_2949,124.10791992321406
TEST_2950,6.166572087818293
TEST_2951,111.36387454196016
TEST_2952,15.912494719854333
TEST_2953,163.50888985063466
TEST_2954,45.98602460540449
TEST_2955,64.2662865991748
TEST_2956,124.60756242368741
TEST_2957,148.67645534411233
TEST_2958,6.665028720096628
TEST_2959,86.69084421011776
TEST_2960,112.96875742369087
TEST_2961,12.740527552188745
TEST_2962,91.67303647402133
TEST_2963,146.46983162407275
TEST_2964,16.66217707577001
TEST_2965,104.00829047341549
TEST_2966,95.31519067741064
TEST_2967,193.3581668661981
TEST_2968,19.954644566175137
TEST_2969,150.95222951783623
TEST_2970,55.40489107461165
TEST_2971,126.42018668259847
TEST_2972,183.041167601606
TEST_2973,84.69892479181642
TEST_2974,95.00650164138204
TEST_2975,114.90623602624167
TEST_2976,11.914240155383808
TEST_2977,22.21077452450085
TEST_2978,45.44058530605367
TEST_2979,181.47725634453258
TEST_2980,21.52271471876077
TEST_2981,122.74963564002422
TEST_2982,60.05263489578131
TEST_2983,12.34460489382693
TEST_2984,124.8846077652123
TEST_2985,6.903510180223416
TEST_2986,159.68973100866245
TEST_2987,162.25865683581122
TEST_2988,60.393774891586446
TEST_2989,178.65878526598962
TEST_2990,159.45792398704572
TEST_2991,35.62962000820649
TEST_2992,216.9090119047619
TEST_2993,6.846807880925249
TEST_2994,135.66387465244463
TEST_2995,186.42489773276372
TEST_2996,55.68959798922483
TEST_2997,119.02827307634868
TEST_2998,20.108458226373298
TEST_2999,214.50642815576373
TEST_3000,19.578007384322643
TEST_3001,165.50741900759996
TEST_3002,42.21814764726239
TEST_3003,35.471977552693815
TEST_3004,22.256161157142795
TEST_3005,80.56918741873385
TEST_3006,136.00456296225337
TEST_3007,82.03306218993856
TEST_3008,20.732427324989832
TEST_3009,89.1956568627451
TEST_3010,52.24759236927379
TEST_3011,16.95857205503667
TEST_3012,6.59618958935313
TEST_3013,39.724416690957746
TEST_3014,14.496870981966374
TEST_3015,3.9533244752219416
TEST_3016,46.30947597416226
TEST_3017,121.16562084704503
TEST_3018,116.10913292614232
TEST_3019,141.74611266253706
TEST_3020,78.815947502439
TEST_3021,42.61465284717715
TEST_3022,136.11115919428437
TEST_3023,40.5025255291506
TEST_3024,32.43918013776273
TEST_3025,138.791268858196
TEST_3026,20.35701452186974
TEST_3027,94.51985237544731
TEST_3028,82.48725142939941
TEST_3029,60.31458693154092
TEST_3030,74.02824929898708
TEST_3031,131.32599489732763
TEST_3032,24.931220298542275
TEST_3033,222.70200465359068
TEST_3034,61.49617788739932
TEST_3035,72.70484241091032
TEST_3036,102.31577624326002
TEST_3037,22.937841705850325
TEST_3038,89.11604481628191
TEST_3039,199.97648213336367
TEST_3040,3.8151980519480513
TEST_3041,186.04413787998573
TEST_3042,112.32810477022977
TEST_3043,233.71772546734303
TEST_3044,32.11198681946646
TEST_3045,91.40604753233784
TEST_3046,66.9649102009102
TEST_3047,16.11009040238582
TEST_3048,79.43757303030402
TEST_3049,94.31107411261527
TEST_3050,156.19570833333333
TEST_3051,121.8822823870157
TEST_3052,264.01754516317015
TEST_3053,11.164084258156299
TEST_3054,140.91721017688693
TEST_3055,159.98249603174605
TEST_3056,137.8767406947095
TEST_3057,35.164433303310595
TEST_3058,123.65285023517468
TEST_3059,13.435047460002394
TEST_3060,2.891513212148749
TEST_3061,222.49707826788872
TEST_3062,11.796417152817583
TEST_3063,35.03403149138445
TEST_3064,161.93933388962674
TEST_3065,111.37915350343229
TEST_3066,171.93874740537242
TEST_3067,21.130816009855327
TEST_3068,71.10713813661827
TEST_3069,15.579806476531866
TEST_3070,188.2428423690568
TEST_3071,155.94774391810594
TEST_3072,112.45701893445113
TEST_3073,113.65899781634369
TEST_3074,47.35402085742207
TEST_3075,33.63449938949938
TEST_3076,105.53136223254232
TEST_3077,82.31697385267238
TEST_3078,186.76383123490416
TEST_3079,92.09924284569246
TEST_3080,78.28824853649888
TEST_3081,182.06116680021972
TEST_3082,28.711419202750324
TEST_3083,3.648383283084127
TEST_3084,11.165649354154663
TEST_3085,173.63803258145361
TEST_3086,161.82844772076635
TEST_3087,167.64963798169526
TEST_3088,148.60779856915067
TEST_3089,49.713502932989975
TEST_3090,42.88068712367977
TEST_3091,124.9278019437522
TEST_3092,60.503070468918786
TEST_3093,134.23070635199852
TEST_3094,58.694812575732584
TEST_3095,3.8547577220077223
TEST_3096,32.252856553879504
TEST_3097,32.581266167201036
TEST_3098,22.01820044418081
TEST_3099,58.711497845642135
TEST_3100,132.4634952950558
TEST_3101,112.28900609652392
TEST_3102,22.51394005265682
TEST_3103,91.69648991056835
TEST_3104,108.09091516696573
TEST_3105,33.58728020588372
TEST_3106,8.357029230886303
TEST_3107,170.64185429099172
TEST_3108,158.7795348953686
TEST_3109,108.7363845205095
TEST_3110,127.03202200950388
TEST_3111,229.42885912698407
TEST_3112,154.88143948412693
TEST_3113,28.814640432323785
TEST_3114,41.49402243858003
TEST_3115,49.543747637613635
TEST_3116,170.30864950081167
TEST_3117,167.6922895902505
TEST_3118,21.996889430029533
TEST_3119,36.40696027988858
TEST_3120,66.30584919655593
TEST_3121,209.78679696229702
TEST_3122,251.32821136577562
TEST_3123,128.99639308973192
TEST_3124,96.64453691080162
TEST_3125,6.991487337370835
TEST_3126,4.451666666666667
TEST_3127,85.24660427072928
TEST_3128,33.32562147499475
TEST_3129,181.41738700507008
TEST_3130,12.03332976370129
TEST_3131,180.50636061858165
TEST_3132,114.49112718280108
TEST_3133,61.99330282770943
TEST_3134,17.20086603755722
TEST_3135,71.43822633256057
TEST_3136,154.6860089166724
TEST_3137,4.175238095238095
TEST_3138,87.91024535686988
TEST_3139,41.71815415457692
TEST_3140,144.18212044722105
TEST_3141,55.95555820946672
TEST_3142,134.13035292730547
TEST_3143,92.85507831669447
TEST_3144,78.48120311023021
TEST_3145,56.927965395319134
TEST_3146,122.44539074993517
TEST_3147,45.2069032696445
TEST_3148,106.91892027651467
TEST_3149,48.83772432387875
TEST_3150,46.40245036710742
TEST_3151,7.193155986986642
TEST_3152,25.27848673678474
TEST_3153,111.80738844011739
TEST_3154,35.11912089328688
TEST_3155,217.51029233266735
TEST_3156,100.04215887126412
TEST_3157,61.29498146347977
TEST_3158,22.60630552481593
TEST_3159,54.3180157790309
TEST_3160,56.904669270991725
TEST_3161,113.08562703604825
TEST_3162,125.23039445681579
TEST_3163,13.107648525884306
TEST_3164,206.22166578464058
TEST_3165,116.75346485696478
TEST_3166,65.86064168637526
TEST_3167,12.602529843040259
TEST_3168,149.53043453111218
TEST_3169,73.95882142857141
TEST_3170,215.0389642857143
TEST_3171,25.089785949187267
TEST_3172,52.97583432423353
TEST_3173,50.17800250213323
TEST_3174,101.66379704206196
TEST_3175,41.54102088393633
TEST_3176,97.64834010059603
TEST_3177,62.5880490469283
TEST_3178,47.074411826842805
TEST_3179,159.02112296405366
TEST_3180,85.1660608335863
TEST_3181,26.306195101413934
TEST_3182,37.93964166648367
TEST_3183,96.22130536137263
TEST_3184,20.33438803534252
TEST_3185,33.989658745169656
TEST_3186,146.60994031411295
TEST_3187,28.42079951277567
TEST_3188,36.470079342336845
TEST_3189,109.93366561616789
TEST_3190,65.94034636036542
TEST_3191,15.652351190476192
TEST_3192,131.01135842721288
TEST_3193,72.32643843555175
TEST_3194,76.4342871345927
TEST_3195,8.582669731917802
TEST_3196,18.355544156981857
TEST_3197,76.08419327774025
TEST_3198,191.13510257067196
TEST_3199,155.83667474791815
TEST_3200,52.2382566010082
TEST_3201,15.208571276490396
TEST_3202,150.82913211027653
TEST_3203,110.99100162246856
TEST_3204,168.99282239678104
TEST_3205,123.63290084085301
TEST_3206,146.5386420425869
TEST_3207,95.1887334068636
TEST_3208,17.481866107453484
TEST_3209,73.77813410172726
TEST_3210,12.586854367282697
TEST_3211,106.59553084567771
TEST_3212,42.82467435707566
TEST_3213,66.1850974009314
TEST_3214,186.98082680029373
TEST_3215,119.82415898478517
TEST_3216,32.275215471315974
TEST_3217,129.42649754371442
TEST_3218,191.2607534201909
TEST_3219,73.98940907384032
TEST_3220,60.91846370033988
TEST_3221,23.826485937130254
TEST_3222,89.06426422852603
TEST_3223,160.08411429055982
TEST_3224,69.44718168198835
TEST_3225,23.749543158120154
TEST_3226,118.07653589066734
TEST_3227,40.54417922985597
TEST_3228,169.0516798997357
TEST_3229,137.4531556939172
TEST_3230,20.935634859663786
TEST_3231,157.75348730144458
TEST_3232,83.53347446485469
TEST_3233,126.38909696535066
TEST_3234,22.846513416439112
TEST_3235,176.32791345826845
TEST_3236,94.4389238053613
TEST_3237,86.70140128319372
TEST_3238,176.5048572722004
TEST_3239,154.4502190035211
TEST_3240,7.037550911751647
TEST_3241,216.25713987036355
TEST_3242,44.20632364976356
TEST_3243,196.57341570860956
TEST_3244,94.62752813548671
TEST_3245,39.59064496537309
TEST_3246,34.73490809759001
TEST_3247,133.4220131673882
TEST_3248,75.6148294956673
TEST_3249,14.259564076761054
TEST_3250,63.76307627916676
TEST_3251,190.7545276332256
TEST_3252,78.77726938502673
TEST_3253,50.74377205049859
TEST_3254,58.9554789442791
TEST_3255,200.3664288319364
TEST_3256,132.3963108701472
TEST_3257,74.73519168331666
TEST_3258,55.90279725059058
TEST_3259,84.53096418096825
TEST_3260,190.46952774996066
TEST_3261,13.120313769988698
TEST_3262,10.429719653239157
TEST_3263,184.3626419419484
TEST_3264,85.01112065937588
TEST_3265,65.03639477704957
TEST_3266,69.53739576418594
TEST_3267,54.70633850591636
TEST_3268,28.967933712281436
TEST_3269,64.26412704828563
TEST_3270,143.63249503123717
TEST_3271,108.07742422004407
TEST_3272,42.80307973922732
TEST_3273,178.12379124104848
TEST_3274,52.7290267264266
TEST_3275,116.83070151406561
TEST_3276,46.4372554810441
TEST_3277,160.51301847653508
TEST_3278,137.78772723165545
TEST_3279,25.649004322734363
TEST_3280,37.70220409382736
TEST_3281,109.84980298145442
TEST_3282,62.517357378964974
TEST_3283,65.83775798852965
TEST_3284,63.400934831854904
TEST_3285,137.10046368664015
TEST_3286,111.05292161106867
TEST_3287,93.93578030915252
TEST_3288,33.38172691666543
TEST_3289,80.54929764303583
TEST_3290,57.82939185143547
TEST_3291,35.93875549096137
TEST_3292,152.2908698604409
TEST_3293,33.04742323877783
TEST_3294,40.892653787797165
TEST_3295,22.00572781025606
TEST_3296,9.200700478784105
TEST_3297,87.20844039648057
TEST_3298,60.4010987394958
TEST_3299,104.87533247229443
TEST_3300,182.5796342268842
TEST_3301,89.16281417748918
TEST_3302,73.26060733886118
TEST_3303,22.522152137294015
TEST_3304,52.80156970210969
TEST_3305,18.488014090671143
TEST_3306,130.71754945054946
TEST_3307,73.54923171930406
TEST_3308,175.73660515167518
TEST_3309,46.880942743236695
TEST_3310,155.33030480479758
TEST_3311,167.72730010526487
TEST_3312,22.082692713252968
TEST_3313,47.592533365588395
TEST_3314,14.855321207356392
TEST_3315,62.130593585769574
TEST_3316,38.2741112692862
TEST_3317,111.32247433122433
TEST_3318,139.23619413998955
TEST_3319,11.312343810010509
TEST_3320,28.77033059213764
TEST_3321,108.7867692333597
TEST_3322,52.869704461101236
TEST_3323,26.120012735594106
TEST_3324,162.171980525293
TEST_3325,153.85372850265358
TEST_3326,102.02872719198895
TEST_3327,161.0157728012604
TEST_3328,112.50635745640432
TEST_3329,3.994757722007722
TEST_3330,97.75691801977264
TEST_3331,138.8167660973517
TEST_3332,81.80766206249045
TEST_3333,44.28737655059097
TEST_3334,87.51975615855146
TEST_3335,55.66569587818173
TEST_3336,87.42180796729686
TEST_3337,49.62487209016918
TEST_3338,60.45411136086137
TEST_3339,86.30471261856103
TEST_3340,42.3031103257392
TEST_3341,24.688792601196695
TEST_3342,121.6057741793312
TEST_3343,158.30747393991908
TEST_3344,86.42133845820446
TEST_3345,159.87784435559115
TEST_3346,186.0610757575758
TEST_3347,192.52997533044146
TEST_3348,163.56540682692682
TEST_3349,78.70935354328516
TEST_3350,232.03567857142858
TEST_3351,19.972677229661752
TEST_3352,28.704414653592252
TEST_3353,20.177127228441346
TEST_3354,157.07675207098674
TEST_3355,87.19352112750113
TEST_3356,185.82541071608128
TEST_3357,201.49968296287045
TEST_3358,187.02904816677227
TEST_3359,176.0582029220779
TEST_3360,105.94411552500506
TEST_3361,284.745
TEST_3362,37.50186106303026
TEST_3363,79.09416798818046
TEST_3364,149.8603867034265
TEST_3365,185.16990037847285
TEST_3366,38.967487953422534
TEST_3367,95.72431897048686
TEST_3368,146.29614318932704
TEST_3369,17.16648145268834
TEST_3370,98.3350894400129
TEST_3371,92.27857017422387
TEST_3372,136.71915560215072
TEST_3373,122.51049372336519
TEST_3374,58.17158925557373
TEST_3375,128.3385191227854
TEST_3376,15.22431689429422
TEST_3377,198.05239482531502
TEST_3378,54.82970933249612
TEST_3379,9.829266872004968
TEST_3380,131.19931087275552
TEST_3381,78.22041649244133
TEST_3382,167.5556248286383
TEST_3383,7.116421929825163
TEST_3384,188.34263528847393
TEST_3385,59.74454391177002
TEST_3386,13.973814412724073
TEST_3387,30.21899052926114
TEST_3388,10.392724496633383
TEST_3389,88.56690476190477
TEST_3390,41.73706832293861
TEST_3391,6.3617954263627485
TEST_3392,21.450887250777537
TEST_3393,179.14681378866936
TEST_3394,19.85326566667067
TEST_3395,84.32770209188742
TEST_3396,148.0907337904085
TEST_3397,154.1834957357199
TEST_3398,74.25493248942459
TEST_3399,80.37293581663435
TEST_3400,90.56210628846746
TEST_3401,160.70609299931021
TEST_3402,67.54227162981432
TEST_3403,23.10946402951338
TEST_3404,67.6444478521478
TEST_3405,52.40667489438885
TEST_3406,107.50369155136086
TEST_3407,64.41708333333334
TEST_3408,224.91358484489368
TEST_3409,226.83463773726274
TEST_3410,101.4750419920322
TEST_3411,86.47029396252539
TEST_3412,37.16212341661607
TEST_3413,105.32939931748146
TEST_3414,93.83252166463328
TEST_3415,13.86677305933195
TEST_3416,212.36298917529842
TEST_3417,10.869663864439296
TEST_3418,24.692026376318704
TEST_3419,26.110437342788124
TEST_3420,41.47806007370969
TEST_3421,186.606579037556
TEST_3422,24.962102898555425
TEST_3423,21.680553765678766
TEST_3424,42.82818068378129
TEST_3425,66.30618972798749
TEST_3426,37.54843524232669
TEST_3427,34.24841037923747
TEST_3428,94.3747497827842
TEST_3429,34.29917491757751
TEST_3430,15.698223515947653
TEST_3431,112.76981097502039
TEST_3432,39.46778948245206
TEST_3433,159.68734805612286
TEST_3434,140.58137858279744
TEST_3435,61.270783934478914
TEST_3436,46.8245960375582
TEST_3437,30.538935238823623
TEST_3438,193.80023345718325
TEST_3439,45.45744777566719
TEST_3440,59.07175272022474
TEST_3441,137.27629512284523
TEST_3442,23.72797454948732
TEST_3443,148.902880431938
TEST_3444,92.64384631229399
TEST_3445,127.75597253159752
TEST_3446,150.37635808192684
TEST_3447,112.14752153540958
TEST_3448,76.49322240075027
TEST_3449,32.70782602364956
TEST_3450,49.701539394620006
TEST_3451,157.40488683249637
TEST_3452,15.657072431870581
TEST_3453,148.35876126865656
TEST_3454,55.113909122541635
TEST_3455,110.56263948288166
TEST_3456,91.70459667575716
TEST_3457,208.57694419609473
TEST_3458,40.93932044744267
TEST_3459,131.10148859753318
TEST_3460,50.53376723387269
TEST_3461,168.10517984194578
TEST_3462,180.17199562548308
TEST_3463,24.78499216139237
TEST_3464,3.989138400651553
TEST_3465,138.63471262477123
TEST_3466,7.049146760347497
TEST_3467,21.189947048325486
TEST_3468,40.15978334982173
TEST_3469,64.10282545452675
TEST_3470,85.44036901959913
TEST_3471,185.22908530903476
TEST_3472,189.7797277930129
TEST_3473,16.817933814225412
TEST_3474,180.9501500478723
TEST_3475,106.66281012908237
TEST_3476,93.51638125067628
TEST_3477,8.320385135126203
TEST_3478,32.65751352871102
TEST_3479,9.009385593483028
TEST_3480,159.18075270850838
TEST_3481,3.486228888691403
TEST_3482,218.79240734592764
TEST_3483,18.768373123187256
TEST_3484,33.360307178532246
TEST_3485,149.15509452922615
TEST_3486,102.09686985660942
TEST_3487,20.205820049013468
TEST_3488,8.08637300703693
TEST_3489,39.51222974474617
TEST_3490,11.069272374717498
TEST_3491,141.60750245327358
TEST_3492,99.70407417582418
TEST_3493,35.44328586951909
TEST_3494,32.66681910613896
TEST_3495,75.40125539889287
TEST_3496,7.5044021454006495
TEST_3497,119.01949534959459
TEST_3498,117.22661187760775
TEST_3499,99.63283522530557
TEST_3500,43.38131671445786
TEST_3501,59.72939154289339
TEST_3502,146.7325129289898
TEST_3503,104.6230362104832
TEST_3504,108.74499726911422
TEST_3505,136.8826132517234
TEST_3506,163.7542759033985
TEST_3507,157.19605897993716
TEST_3508,122.25024310951011
TEST_3509,53.044247570240216
TEST_3510,19.209867071949425
TEST_3511,66.09800290635125
TEST_3512,63.74759757201969
TEST_3513,81.91600372516918
TEST_3514,56.7058822049983
TEST_3515,14.079868385084488
TEST_3516,43.22184822625631
TEST_3517,113.89180745688112
TEST_3518,129.04318552641763
TEST_3519,36.440369383082924
TEST_3520,16.62370907466716
TEST_3521,94.55395493495591
TEST_3522,65.79981023036285
TEST_3523,140.61677950476923
TEST_3524,25.704802881812128
TEST_3525,233.84299107836605
TEST_3526,196.24688412144394
TEST_3527,157.63725076674046
TEST_3528,110.5939582732115
TEST_3529,21.447419756272147
TEST_3530,12.503964391105997
TEST_3531,89.50417449062289
TEST_3532,111.77185700977537
TEST_3533,63.852205451887706
TEST_3534,89.2424123191623
TEST_3535,202.39597095711727
TEST_3536,72.79452011241462
TEST_3537,65.19016722476448
TEST_3538,105.10887112131911
TEST_3539,4.160761535841213
TEST_3540,128.35994121843277
TEST_3541,180.07089229134783
TEST_3542,63.40529336705917
TEST_3543,12.116397299987362
TEST_3544,128.1714280815182
TEST_3545,20.706409079217877
TEST_3546,168.3666005326373
TEST_3547,32.18139890565564
TEST_3548,92.788959253919
TEST_3549,7.000996384171384
TEST_3550,72.14097086025934
TEST_3551,176.307875
TEST_3552,162.9349836687455
TEST_3553,77.58615032571099
TEST_3554,91.42091993627479
TEST_3555,163.5438724585098
TEST_3556,61.75182849450785
TEST_3557,74.76783681596183
TEST_3558,182.240195970696
TEST_3559,69.9888274156304
TEST_3560,83.21913215675536
TEST_3561,137.28784197617867
TEST_3562,12.738118592578687
TEST_3563,140.9908136341599
TEST_3564,85.89115277777779
TEST_3565,104.42913897105434
TEST_3566,163.05840687591134
TEST_3567,4.726912483912484
TEST_3568,66.35597219921287
TEST_3569,152.69601910611726
TEST_3570,42.90444574529036
TEST_3571,35.38130857040739
TEST_3572,36.66778897691358
TEST_3573,20.29551009481933
TEST_3574,56.38850180774544
TEST_3575,8.050050319760437
TEST_3576,134.2154334535648
TEST_3577,143.0316656744178
TEST_3578,89.59131954540302
TEST_3579,45.65936001354047
TEST_3580,77.17233642602235
TEST_3581,159.94083480413082
TEST_3582,5.893096467441115
TEST_3583,7.155439539825078
TEST_3584,156.90827451451497
TEST_3585,15.113880098007066
TEST_3586,60.409916776482014
TEST_3587,18.960121819409274
TEST_3588,97.6739926309463
TEST_3589,65.34992128971176
TEST_3590,153.1052480492397
TEST_3591,27.91453724037779
TEST_3592,20.702207309299936
TEST_3593,44.99487828945675
TEST_3594,7.297983960971518
TEST_3595,139.45985330818414
TEST_3596,67.21749999999999
TEST_3597,38.877295414085545
TEST_3598,179.4450037794808
TEST_3599,30.42138149889583
TEST_3600,74.29568095435017
TEST_3601,35.66574507943206
TEST_3602,200.31954883700266
TEST_3603,11.364861123558642
TEST_3604,89.00680817942282
TEST_3605,58.08679593936284
TEST_3606,30.454895574275515
TEST_3607,13.320435942924176
TEST_3608,104.53616909996894
TEST_3609,118.3306279726708
TEST_3610,49.094500414193426
TEST_3611,149.20781055358137
TEST_3612,115.95828026201838
TEST_3613,43.965819722508265
TEST_3614,57.91926879502063
TEST_3615,159.226785389729
TEST_3616,260.37273772666964
TEST_3617,22.382701012761917
TEST_3618,83.15081035462717
TEST_3619,67.24793830338523
TEST_3620,90.1649730307959
TEST_3621,117.74328407616511
TEST_3622,103.50074052336649
TEST_3623,19.002962483594835
TEST_3624,28.702530429882113
TEST_3625,28.34910441934682
TEST_3626,37.080028900031266
TEST_3627,56.75573964713618
TEST_3628,115.08470320721122
TEST_3629,99.05968854404686
TEST_3630,72.43325947733925
TEST_3631,44.996452516819566
TEST_3632,14.797588981905506
TEST_3633,6.300707294714906
TEST_3634,169.62169669927025
TEST_3635,59.662543372533634
TEST_3636,215.88954400448176
TEST_3637,91.42758763310154
TEST_3638,7.147921767540043
TEST_3639,16.27193051484877
TEST_3640,115.55878068159907
TEST_3641,163.440321986631
TEST_3642,41.37774859127801
TEST_3643,31.489460526811307
TEST_3644,146.0316316475235
TEST_3645,69.07688775154539
TEST_3646,43.599155410939275
TEST_3647,113.09602618291025
TEST_3648,42.08572063542169
TEST_3649,53.53280838266948
TEST_3650,124.65691435466314
TEST_3651,203.3570529090257
TEST_3652,13.906254985844784
TEST_3653,17.151789673979398
TEST_3654,94.23837007743676
TEST_3655,88.13495786879133
TEST_3656,84.06368308366469
TEST_3657,140.43518248740426
TEST_3658,146.43289089841053
TEST_3659,163.67725755590487
TEST_3660,125.86846932745874
TEST_3661,85.29798195757837
TEST_3662,77.16458250274952
TEST_3663,16.430748015873018
TEST_3664,49.577197033135064
TEST_3665,15.511732091617885
TEST_3666,169.66081097102315
TEST_3667,186.0567693852286
TEST_3668,70.0745132647424
TEST_3669,144.65208596180594
TEST_3670,8.520226388452047
TEST_3671,124.60326602143691
TEST_3672,27.760990240184828
TEST_3673,211.44733099961573
TEST_3674,112.79198364617899
TEST_3675,80.79847822631666
TEST_3676,61.23003506329841
TEST_3677,50.59980261578182
TEST_3678,204.73244429181926
TEST_3679,96.48830187896041
TEST_3680,18.46481353295067
TEST_3681,133.79297542315624
TEST_3682,89.38703981017592
TEST_3683,56.89808395448344
TEST_3684,57.970634412753405
TEST_3685,111.76356895725274
TEST_3686,15.496388409864597
TEST_3687,142.62217674181747
TEST_3688,106.2835247900248
TEST_3689,195.52909307359306
TEST_3690,157.00360205375637
TEST_3691,261.3710817050597
TEST_3692,16.10415285272164
TEST_3693,89.94909560665859
TEST_3694,102.74749751082817
TEST_3695,73.22247906883024
TEST_3696,66.28980747367537
TEST_3697,88.78948484015986
TEST_3698,93.59559926485964
TEST_3699,59.602402811280555
TEST_3700,180.2348720931846
TEST_3701,119.18873946178344
TEST_3702,91.38151399940081
TEST_3703,62.677923493173495
TEST_3704,31.75697016484656
TEST_3705,71.26226035683507
TEST_3706,197.50138013119926
TEST_3707,60.84526796551882
TEST_3708,24.7267276647153
TEST_3709,40.22951154188948
TEST_3710,107.55498941611684
TEST_3711,160.90661474203407
TEST_3712,34.953807921832684
TEST_3713,94.0024555706952
TEST_3714,93.2284604335569
TEST_3715,70.86123042876756
TEST_3716,12.987319687280596
TEST_3717,137.51646734725063
TEST_3718,128.74302100130592
TEST_3719,32.627529220843655
TEST_3720,25.628167956277252
TEST_3721,31.073421058215953
TEST_3722,232.25408513708513
TEST_3723,178.3592270721925
TEST_3724,100.14865788786379
TEST_3725,61.080757547194764
TEST_3726,50.037020631821754
TEST_3727,139.14718534610438
TEST_3728,209.85465908415583
TEST_3729,33.65435515873016
TEST_3730,42.42816142256636
TEST_3731,37.394846009136224
TEST_3732,125.00142009767197
TEST_3733,58.96573386774045
TEST_3734,165.53121906293305
TEST_3735,194.9156643148518
TEST_3736,8.354367425982172
TEST_3737,20.245953801618455
TEST_3738,89.4910721621705
TEST_3739,147.52755769230768
TEST_3740,3.4029756703027143
TEST_3741,139.6185720507027
TEST_3742,178.48482233729953
TEST_3743,71.8530377529753
TEST_3744,110.5892193223443
TEST_3745,69.30222222222223
TEST_3746,47.39323124252249
TEST_3747,4.631762942286813
TEST_3748,102.90899167819707
TEST_3749,176.6509242657954
TEST_3750,177.6517787418371
TEST_3751,170.84506826805497
TEST_3752,21.750530344091963
TEST_3753,115.90054521828364
TEST_3754,55.43441973304475
TEST_3755,111.29004320520893
TEST_3756,149.8358369164821
TEST_3757,108.84600220989779
TEST_3758,102.07135381369544
TEST_3759,97.24312533355878
TEST_3760,45.070601717103834
TEST_3761,37.34259477936486
TEST_3762,37.36601687004032
TEST_3763,11.801944276894842
TEST_3764,41.256097450165925
TEST_3765,10.497141203906917
TEST_3766,144.91906104597675
TEST_3767,7.503354591710278
TEST_3768,24.716910572160078
TEST_3769,193.11833333333337
TEST_3770,157.19005066211255
TEST_3771,47.53884378732937
TEST_3772,14.096947159192975
TEST_3773,87.42824515447126
TEST_3774,27.525058195615653
TEST_3775,178.5544255050505
TEST_3776,184.6304765036687
TEST_3777,3.6563749999999997
TEST_3778,38.608611739455256
TEST_3779,60.56308063301078
TEST_3780,64.72499367557995
TEST_3781,107.98670401044798
TEST_3782,14.762764304234581
TEST_3783,32.29241148402354
TEST_3784,53.52038756734123
TEST_3785,103.25797644006207
TEST_3786,17.201469728591555
TEST_3787,79.59546098636449
TEST_3788,181.0537205338718
TEST_3789,70.91508038680898
TEST_3790,95.81295346320347
TEST_3791,119.99296376547582
TEST_3792,2.524418437066553
TEST_3793,16.45149410529119
TEST_3794,140.53428151285186
TEST_3795,71.69589255820576
TEST_3796,7.415863741010428
TEST_3797,18.741075530291866
TEST_3798,59.55674175181652
TEST_3799,259.72783170505966
TEST_3800,89.02032018286327
TEST_3801,5.742904948038388
TEST_3802,37.44229400171978
TEST_3803,97.20190997125806
TEST_3804,42.059333609839335
TEST_3805,195.94130162483606
TEST_3806,96.434450214448
TEST_3807,19.75744176465663
TEST_3808,67.09619287981123
TEST_3809,71.68184771218301
TEST_3810,160.90609082917908
TEST_3811,52.19960523632044
TEST_3812,73.30971365403602
TEST_3813,169.7191841820265
TEST_3814,150.97125050311246
TEST_3815,118.2317037737003
TEST_3816,182.59680059861014
TEST_3817,122.1079752583882
TEST_3818,138.67287492689758
TEST_3819,143.59567704728042
TEST_3820,17.050100727983562
TEST_3821,17.879720519023852
TEST_3822,121.06693935007641
TEST_3823,200.9647406456942
TEST_3824,199.3307685372778
TEST_3825,70.81438279857397
TEST_3826,145.65451760714316
TEST_3827,21.020088855588856
TEST_3828,88.48498142687815
TEST_3829,176.4723170146847
TEST_3830,19.565365696019555
TEST_3831,43.09585982505533
TEST_3832,114.62604242095887
TEST_3833,89.38306292952946
TEST_3834,105.69510059753851
TEST_3835,87.50404223971677
TEST_3836,76.10118865466123
TEST_3837,135.97934055199187
TEST_3838,51.08686646856344
TEST_3839,37.302967656601474
TEST_3840,147.23464852190375
TEST_3841,105.2791373240996
TEST_3842,124.99583333333334
TEST_3843,81.96142989712195
TEST_3844,229.0154242811749
TEST_3845,71.99129182119623
TEST_3846,45.41107646063375
TEST_3847,38.988674124078535
TEST_3848,38.738705506943454
TEST_3849,77.71005767710157
TEST_3850,98.05686004803698
TEST_3851,192.58893011885775
TEST_3852,80.82044817727483
TEST_3853,6.7938204159393365
TEST_3854,29.143492935065936
TEST_3855,75.06851266287462
TEST_3856,88.24391319938233
TEST_3857,66.10258787136868
TEST_3858,62.01289607614609
TEST_3859,22.275455249477613
TEST_3860,155.08241190622596
TEST_3861,91.57405612480541
TEST_3862,10.324018913701295
TEST_3863,70.54196323429916
TEST_3864,73.07151039137244
TEST_3865,15.746093698816749
TEST_3866,11.583657722824135
TEST_3867,11.834805975779467
TEST_3868,91.72894826230889
TEST_3869,20.112887014849186
TEST_3870,19.031688809543382
TEST_3871,230.64247925685436
TEST_3872,90.38673913491378
TEST_3873,139.71414926638684
TEST_3874,152.01477325948474
TEST_3875,155.80538228550554
TEST_3876,96.9529463319189
TEST_3877,42.392456448967515
TEST_3878,123.26482131185809
TEST_3879,29.761145416620224
TEST_3880,162.89797797273243
TEST_3881,126.59830586482232
TEST_3882,180.01294305028975
TEST_3883,234.07023944303083
TEST_3884,46.525984046223385
TEST_3885,57.77052074858823
TEST_3886,124.14830888628909
TEST_3887,170.09476580416958
TEST_3888,23.770060108130245
TEST_3889,87.05254279960252
TEST_3890,7.987055628988708
TEST_3891,102.03026175309924
TEST_3892,54.12097944069819
TEST_3893,154.11534815820312
TEST_3894,43.6207542144741
TEST_3895,44.297817716744305
TEST_3896,74.40414723476171
TEST_3897,237.64193829490355
TEST_3898,55.00148693471383
TEST_3899,65.83545415972918
TEST_3900,156.6023537917927
TEST_3901,138.9078582947195
TEST_3902,75.5113035842035
TEST_3903,106.76887605856923
TEST_3904,52.226425866970594
TEST_3905,63.89830640647221
TEST_3906,129.69383001313545
TEST_3907,125.04360987417296
TEST_3908,20.500929538117543
TEST_3909,6.567196282641714
TEST_3910,178.59313506434205
TEST_3911,8.695594742183559
TEST_3912,21.44315788262928
TEST_3913,41.55747886459225
TEST_3914,19.44384862478579
TEST_3915,120.77311968547338
TEST_3916,14.781294847747215
TEST_3917,187.46494672546447
TEST_3918,246.42778246753244
TEST_3919,133.27370892963975
TEST_3920,176.461579437772
TEST_3921,204.30806681390507
TEST_3922,35.19432004351859
TEST_3923,114.94002661586035
TEST_3924,49.26687831278407
TEST_3925,86.90283755821922
TEST_3926,94.57175396825396
TEST_3927,96.66548481357351
TEST_3928,136.9118087880042
TEST_3929,138.61235757913826
TEST_3930,19.43077728866757
TEST_3931,90.91834964497352
TEST_3932,142.38944096496832
TEST_3933,99.15733824503046
TEST_3934,28.783486690654215
TEST_3935,14.368399515109079
TEST_3936,65.42685355039913
TEST_3937,106.97821409978911
TEST_3938,91.73144219854527
TEST_3939,64.9916014896101
TEST_3940,14.786628835910482
TEST_3941,76.04639188795728
TEST_3942,209.76308056928454
TEST_3943,59.11332537669967
TEST_3944,12.44329016215356
TEST_3945,32.0439851505201
TEST_3946,79.86248214301098
TEST_3947,125.10200620398784
TEST_3948,4.993241362083311
TEST_3949,83.86263639893377
TEST_3950,11.741926241197223
TEST_3951,17.343056426361006
TEST_3952,51.43890650126774
TEST_3953,190.27682329191282
TEST_3954,130.67101001576765
TEST_3955,63.526515942390944
TEST_3956,42.457976273726274
TEST_3957,87.86361074063453
TEST_3958,94.43497617373157
TEST_3959,118.15764004147194
TEST_3960,42.09069675937448
TEST_3961,92.83976675251272
TEST_3962,158.325635127364
TEST_3963,94.49886895254505
TEST_3964,21.942206194614197
TEST_3965,128.39116129050979
TEST_3966,78.75873352569035
TEST_3967,47.26437525892427
TEST_3968,152.4000906513202
TEST_3969,30.294628330368464
TEST_3970,102.55754455490334
TEST_3971,173.31598502117228
TEST_3972,7.399309750597385
TEST_3973,124.77797089095118
TEST_3974,7.99659160434376
TEST_3975,100.43126344143926
TEST_3976,13.001159623999492
TEST_3977,101.64753206434061
TEST_3978,28.781970162758515
TEST_3979,78.97230179396627
TEST_3980,6.6030296159750455
TEST_3981,68.5077866056759
TEST_3982,26.782307966128865
TEST_3983,177.8900524114572
TEST_3984,172.52592452590977
TEST_3985,10.701701027726674
TEST_3986,10.445769194118549
TEST_3987,83.13116349531506
TEST_3988,99.07350057926749
TEST_3989,92.8165320222949
TEST_3990,187.37233269650264
TEST_3991,54.42027553500244
TEST_3992,111.37966870060377
TEST_3993,107.29405946275848
TEST_3994,8.215473491518333
TEST_3995,3.1693957468569596
TEST_3996,57.344196717822484
TEST_3997,245.24390087596706
TEST_3998,54.19719011247088
TEST_3999,42.32906955474343
TEST_4000,72.16277442021504
TEST_4001,85.078109935495
TEST_4002,43.06460335185301
TEST_4003,193.89874362010664
TEST_4004,27.371849487784257
TEST_4005,33.56685263966339
TEST_4006,188.94506271427556
TEST_4007,60.90914273862189
TEST_4008,100.98886979455732
TEST_4009,123.72355467456674
TEST_4010,14.430696930623833
TEST_4011,161.6890025657147
TEST_4012,171.56462798081745
TEST_4013,148.11734841392973
TEST_4014,205.02421030566018
TEST_4015,190.6763723738647
TEST_4016,4.155977759439244
TEST_4017,2.106928589477377
TEST_4018,34.50514841729739
TEST_4019,63.49639012076801
TEST_4020,98.29795818730202
TEST_4021,33.48826051032301
TEST_4022,106.70518613893411
TEST_4023,49.696224688530194
TEST_4024,196.68687784885512
TEST_4025,86.90748842240099
TEST_4026,130.85985020390618
TEST_4027,101.45723949772915
TEST_4028,176.3985891159618
TEST_4029,215.80450000000002
TEST_4030,173.25636707760546
TEST_4031,105.35677681652332
TEST_4032,76.68288781329736
TEST_4033,58.06723535305403
TEST_4034,113.9937221560322
TEST_4035,84.08341640439139
TEST_4036,108.8460408770608
TEST_4037,4.383607568051129
TEST_4038,177.09473137973143
TEST_4039,27.37391699655984
TEST_4040,9.180032814060814
TEST_4041,189.54697523747066
TEST_4042,144.5834264148595
TEST_4043,100.41104383646434
TEST_4044,103.96149557259308
TEST_4045,45.643916237694185
TEST_4046,172.0983814616045
TEST_4047,25.95058480290152
TEST_4048,72.07049477513229
TEST_4049,39.594229648159896
TEST_4050,94.82166440063607
TEST_4051,10.885654632443222
TEST_4052,27.958083952066545
TEST_4053,22.36438933034057
TEST_4054,27.22995849947287
TEST_4055,7.479027534175151
TEST_4056,28.187028713560935
TEST_4057,57.69895849636474
TEST_4058,127.14217489818819
TEST_4059,13.779002609310632
TEST_4060,223.5157029857398
TEST_4061,217.2896677489177
TEST_4062,184.88483824061237
TEST_4063,4.734599528701867
TEST_4064,51.947150706001956
TEST_4065,144.26882443712978
TEST_4066,58.59667666061698
TEST_4067,12.73309666225547
TEST_4068,106.55514195526693
TEST_4069,23.723374978058406
TEST_4070,92.82968707409432
TEST_4071,144.03052705812644
TEST_4072,91.27648671659284
TEST_4073,170.88546678248656
TEST_4074,47.228113426140474
TEST_4075,44.599913668651695
TEST_4076,89.26621834090544
TEST_4077,191.5695160464536
TEST_4078,148.17903507463353
TEST_4079,95.18201148976026
TEST_4080,91.81578182385249
TEST_4081,49.32052425515661
TEST_4082,19.825349890416447
TEST_4083,179.26041973712225
TEST_4084,11.92032133629297
TEST_4085,83.97162111743033
TEST_4086,113.77842720445348
TEST_4087,33.37571571799804
TEST_4088,21.793336516419746
TEST_4089,189.4278982142148
TEST_4090,13.664144949508552
TEST_4091,101.40878901411615
TEST_4092,46.77053110164794
TEST_4093,134.00542393372555
TEST_4094,55.23491272196372
TEST_4095,87.9492638888889
TEST_4096,122.49491935252661
TEST_4097,98.13089748492749
TEST_4098,12.050240656437902
TEST_4099,225.17410094494878
TEST_4100,24.21455697999971
TEST_4101,205.57273429507077
TEST_4102,95.0663569735733
TEST_4103,173.44695057364373
TEST_4104,58.69610465225385
TEST_4105,48.6192762128288
TEST_4106,71.8603483334393
TEST_4107,189.30587271990763
TEST_4108,84.56595113100502
TEST_4109,47.360458018305174
TEST_4110,61.617796177225635
TEST_4111,10.429638630957712
TEST_4112,74.49321305610133
TEST_4113,81.16108178683585
TEST_4114,24.50668790967804
TEST_4115,197.67931262144845
TEST_4116,21.697361716059486
TEST_4117,29.359942412978906
TEST_4118,155.74231588840084
TEST_4119,124.16142324310108
TEST_4120,91.34812360699276
TEST_4121,74.6808438480264
TEST_4122,14.323449741228345
TEST_4123,40.187049654369126
TEST_4124,70.40911854722931
TEST_4125,72.94778408304659
TEST_4126,196.98302456695063
TEST_4127,101.03974254592477
TEST_4128,97.567870400725
TEST_4129,113.90357721104155
TEST_4130,113.89643725591597
TEST_4131,2.66656714765762
TEST_4132,111.30055887611962
TEST_4133,12.597616500482854
TEST_4134,48.87520030695217
TEST_4135,163.7648875431871
TEST_4136,112.10987355696727
TEST_4137,98.99559655551994
TEST_4138,7.648112180449212
TEST_4139,139.21862096713414
TEST_4140,11.283504409551266
TEST_4141,111.36637292578617
TEST_4142,59.09077759780526
TEST_4143,126.5920945604308
TEST_4144,106.56669800611988
TEST_4145,70.25598565563355
TEST_4146,34.88765254435107
TEST_4147,27.7462299793419
TEST_4148,156.81603557360643
TEST_4149,29.26720269092263
TEST_4150,164.12624799375564
TEST_4151,13.814071210512138
TEST_4152,179.93966438238692
TEST_4153,139.09423296834441
TEST_4154,93.93377013983454
TEST_4155,171.1645874819625
TEST_4156,111.17695140448659
TEST_4157,185.2092750479066
TEST_4158,212.95405878474324
TEST_4159,54.577931779791285
TEST_4160,68.13131357694594
TEST_4161,131.9227132563571
TEST_4162,103.13952154412748
TEST_4163,97.04621081448504
TEST_4164,138.65788626199821
TEST_4165,32.39425357394476
TEST_4166,135.66669706877045
TEST_4167,41.718123569900555
TEST_4168,89.44358892496392
TEST_4169,201.80312406574907
TEST_4170,10.965821605747697
TEST_4171,211.37935777718656
TEST_4172,93.94211622335835
TEST_4173,133.40012257807987
TEST_4174,32.51529859547544
TEST_4175,112.10898019746737
TEST_4176,181.17856773540473
TEST_4177,125.1553323522537
TEST_4178,31.911199165385185
TEST_4179,11.660320446587818
TEST_4180,50.506485125255665
TEST_4181,126.84233333333331
TEST_4182,178.26763750138755
TEST_4183,69.27589335686781
TEST_4184,63.68297541365977
TEST_4185,84.03452840770974
TEST_4186,6.968935173908247
TEST_4187,63.44817594246843
TEST_4188,170.72550780348152
TEST_4189,32.83651070017968
TEST_4190,33.14103706269795
TEST_4191,90.10474963534652
TEST_4192,27.984470318074724
TEST_4193,12.921155241826346
TEST_4194,22.286981952298024
TEST_4195,86.2522747223189
TEST_4196,116.84980834070349
TEST_4197,58.11516044608151
TEST_4198,110.61984189663922
TEST_4199,6.527388831658467
TEST_4200,77.85873217603654
TEST_4201,104.02061246027647
TEST_4202,26.049636266221217
TEST_4203,14.416558419934399
TEST_4204,82.44787114932784
TEST_4205,187.8455002650857
TEST_4206,102.11440885363064
TEST_4207,101.68061594494255
TEST_4208,164.57877355310717
TEST_4209,110.6741480127405
TEST_4210,53.91190583680899
TEST_4211,27.890323076309965
TEST_4212,15.343447686770903
TEST_4213,23.004402632590104
TEST_4214,68.6005742316824
TEST_4215,92.17783011320833
TEST_4216,115.67120330665152
TEST_4217,58.31944809620037
TEST_4218,40.54248844301108
TEST_4219,165.116926775217
TEST_4220,47.28098466810966
TEST_4221,10.931579023488123
TEST_4222,107.78639758852258
TEST_4223,199.94972095959594
TEST_4224,66.12155856180856
TEST_4225,15.192490360460164
TEST_4226,130.99597285302968
TEST_4227,174.23428633931132
TEST_4228,57.5475023263102
TEST_4229,188.78167053779555
TEST_4230,108.60357433364919
TEST_4231,107.40501568146165
TEST_4232,198.0177353735661
TEST_4233,156.92750710100833
TEST_4234,165.92484164738772
TEST_4235,179.32648013609304
TEST_4236,84.6391993697214
TEST_4237,3.7697577220077223
TEST_4238,204.45818490907135
TEST_4239,5.9115812510125725
TEST_4240,110.80612466144964
TEST_4241,54.28339973128647
TEST_4242,4.234775432434147
TEST_4243,147.3158968227698
TEST_4244,102.54718063067203
TEST_4245,148.3602383707012
TEST_4246,37.27403109035759
TEST_4247,113.97609870585627
TEST_4248,19.914010441377513
TEST_4249,100.5526383353594
TEST_4250,142.63432135028637
TEST_4251,166.43910497516185
TEST_4252,46.79922126739145
TEST_4253,160.08857058745093
TEST_4254,180.9942511840783
TEST_4255,50.566732394230655
TEST_4256,109.67473747459438
TEST_4257,13.131031400010393
TEST_4258,134.68452313922012
TEST_4259,16.332079887514443
TEST_4260,108.27406839620667
TEST_4261,19.378134819216374
TEST_4262,135.75044086188424
TEST_4263,130.66922251775998
TEST_4264,37.14100534663624
TEST_4265,60.861841698403076
TEST_4266,169.96952002164508
TEST_4267,95.2023984152829
TEST_4268,119.29884905664511
TEST_4269,187.40115037063478
TEST_4270,14.152348519536018
TEST_4271,143.27123422329305
TEST_4272,118.94096222935565
TEST_4273,15.46655753968254
TEST_4274,54.86530616484334
TEST_4275,147.28472928370084
TEST_4276,107.2001391120662
TEST_4277,33.400740937279096
TEST_4278,63.72028512677062
TEST_4279,19.898119325603858
TEST_4280,16.489447479677914
TEST_4281,21.531452252425673
TEST_4282,141.15376221301534
TEST_4283,190.54439550009457
TEST_4284,13.429114179483392
TEST_4285,134.00132592066086
TEST_4286,27.499608078025158
TEST_4287,19.596822779774406
TEST_4288,40.32406263857412
TEST_4289,54.89880414653649
TEST_4290,126.05225542570334
TEST_4291,170.2418425608382
TEST_4292,184.23957794998634
TEST_4293,56.74840952052978
TEST_4294,151.33297922308938
TEST_4295,82.78111405353104
TEST_4296,159.13401800243872
TEST_4297,176.41134922963982
TEST_4298,49.09198549136817
TEST_4299,188.17464463793857
TEST_4300,67.47777154312972
TEST_4301,106.7398310420989
TEST_4302,210.68521958054026
TEST_4303,115.41423926961798
TEST_4304,166.1985981649425
TEST_4305,96.97438867845352
TEST_4306,194.2533697344322
TEST_4307,172.21434881346005
TEST_4308,152.81478631319567
TEST_4309,163.0566334615195
TEST_4310,37.547484238300676
TEST_4311,103.70513221176262
TEST_4312,46.54627163194407
TEST_4313,125.07664362247986
TEST_4314,192.02425445960472
TEST_4315,145.10664828461952
TEST_4316,91.783235194816
TEST_4317,15.859811746240585
TEST_4318,67.53353233783972
TEST_4319,66.37026463120213
TEST_4320,140.15679128652138
TEST_4321,217.24405891950036
TEST_4322,124.34151510316667
TEST_4323,14.20788410215198
TEST_4324,147.76452970333514
TEST_4325,135.811576418757
TEST_4326,44.50967771081258
TEST_4327,94.97173217372338
TEST_4328,36.08025109364149
TEST_4329,67.39873512114987
TEST_4330,165.1562024205944
TEST_4331,81.2714555431128
TEST_4332,109.62363893692265
TEST_4333,207.27533112026865
TEST_4334,27.56513547572887
TEST_4335,41.18179931907568
TEST_4336,89.36057998949578
TEST_4337,36.90931100726335
TEST_4338,41.40106347942473
TEST_4339,115.10438278028
TEST_4340,99.30363667582417
TEST_4341,211.64274161255418
TEST_4342,140.67836093580058
TEST_4343,162.74890214646467
TEST_4344,84.23479266085651
TEST_4345,21.121220511106536
TEST_4346,27.687443500678604
TEST_4347,39.45133164191583
TEST_4348,224.85795891320956
TEST_4349,83.6890803341657
TEST_4350,188.28863744058228
TEST_4351,175.92265873437668
TEST_4352,134.1509265111823
TEST_4353,116.47617414901552
TEST_4354,88.36228412090264
TEST_4355,54.524875
TEST_4356,34.13376029608463
TEST_4357,42.76146759494509
TEST_4358,7.033642398266696
TEST_4359,21.950850232735107
TEST_4360,62.071706490311826
TEST_4361,115.04713839198335
TEST_4362,139.37141016223984
TEST_4363,110.22140734703889
TEST_4364,146.78678262010337
TEST_4365,30.138376069016203
TEST_4366,55.06068430337148
TEST_4367,157.01393771579458
TEST_4368,173.84917522520976
TEST_4369,31.084113971019022
TEST_4370,188.85699085289326
TEST_4371,33.31500986315977
TEST_4372,86.63840386002886
TEST_4373,9.939301405644517
TEST_4374,151.73116420146195
TEST_4375,72.49781645522822
TEST_4376,29.350903478729848
TEST_4377,31.218689426738273
TEST_4378,140.63120284489597
TEST_4379,33.69869472787298
TEST_4380,143.1656863413649
TEST_4381,27.78360826111827
TEST_4382,142.3624771213122
TEST_4383,8.27931270657664
TEST_4384,69.82391157139828
TEST_4385,132.10625321900324
TEST_4386,149.56967653852482
TEST_4387,158.75085360749142
TEST_4388,224.33191255125234
TEST_4389,59.83127150894809
TEST_4390,23.112099575751277
TEST_4391,11.493201353793266
TEST_4392,160.06258425062828
TEST_4393,71.01712273782083
TEST_4394,151.36743682102636
TEST_4395,27.052679362811304
TEST_4396,77.12415120298584
TEST_4397,15.502496336996337
TEST_4398,146.37001570138167
TEST_4399,58.92519794472301
TEST_4400,111.26486512792718
TEST_4401,133.7314042342309
TEST_4402,52.574115571519975
TEST_4403,16.56261840355921
TEST_4404,27.344122625091945
TEST_4405,223.88972122442777
TEST_4406,25.734343649137344
TEST_4407,72.87464082455935
TEST_4408,48.20447208860658
TEST_4409,189.7128439535604
TEST_4410,183.81068788244065
TEST_4411,29.192875915750914
TEST_4412,5.700503826119042
TEST_4413,152.13401749266174
TEST_4414,43.356633440898555
TEST_4415,133.05662062230422
TEST_4416,114.61581322167733
TEST_4417,25.950835873944595
TEST_4418,183.02610479797985
TEST_4419,67.26118189551678
TEST_4420,150.0177999648976
TEST_4421,78.03442603521866
TEST_4422,184.8916546096448
TEST_4423,167.08499393906743
TEST_4424,97.91391926691156
TEST_4425,219.45130902430904
TEST_4426,44.164711936025796
TEST_4427,5.140182548405072
TEST_4428,27.617872920544734
TEST_4429,63.60691898697799
TEST_4430,45.33035206527804
TEST_4431,151.44828742153697
TEST_4432,144.99406702068856
TEST_4433,114.58196356797538
TEST_4434,16.276927149321263
TEST_4435,127.72216756854257
TEST_4436,36.441427171277894
TEST_4437,132.62751081821517
TEST_4438,40.451982215093956
TEST_4439,157.05658422327141
TEST_4440,21.566198176682146
TEST_4441,24.707692473477913
TEST_4442,16.125965823931317
TEST_4443,76.41584327794526
TEST_4444,11.397077084887965
TEST_4445,149.33613608763957
TEST_4446,21.000509679647838
TEST_4447,24.63396619422165
TEST_4448,25.137842194795027
TEST_4449,22.4508421070465
TEST_4450,55.20315661862064
TEST_4451,16.59676628005259
TEST_4452,33.45579341355979
TEST_4453,166.490481746864
TEST_4454,115.29019234762887
TEST_4455,35.727419606962485
TEST_4456,127.87261373502349
TEST_4457,132.14166060526404
TEST_4458,180.30951679287827
TEST_4459,199.49084240142088
TEST_4460,134.5103200706127
TEST_4461,227.72103445346914
TEST_4462,95.94677380952382
TEST_4463,58.09085122304996
TEST_4464,184.17013883701838
TEST_4465,191.90321791118242
TEST_4466,49.036616827656644
TEST_4467,29.68290263409292
TEST_4468,49.39109835381545
TEST_4469,80.20518050954892
TEST_4470,33.24159749205659
TEST_4471,62.379972619765404
TEST_4472,140.36478873277176
TEST_4473,162.1461149393463
TEST_4474,252.9134456654456
TEST_4475,109.79685267849425
TEST_4476,32.549645925224176
TEST_4477,180.6443518413533
TEST_4478,15.450951551869087
TEST_4479,252.66150757575758
TEST_4480,140.3767990200218
TEST_4481,38.49914301929752
TEST_4482,238.41087595492752
TEST_4483,117.89981683853556
TEST_4484,30.954389633866896
TEST_4485,255.00647939560443
TEST_4486,59.37128944446824
TEST_4487,85.89130912814784
TEST_4488,50.58226079598506
TEST_4489,81.42481412138817
TEST_4490,14.792078053026872
TEST_4491,25.338950938196078
TEST_4492,80.36490969131444
TEST_4493,3.5971712222640457
TEST_4494,129.81745230865624
TEST_4495,43.52868574604892
TEST_4496,39.67458099100771
TEST_4497,28.319618688037107
TEST_4498,201.40578128815625
TEST_4499,141.37622364698854
TEST_4500,10.52527697345012
TEST_4501,113.09253886926913
TEST_4502,109.67807389147258
TEST_4503,178.71606751573057
TEST_4504,12.557372503024137
TEST_4505,92.76422130628148
TEST_4506,26.652194371903388
TEST_4507,229.56815647098003
TEST_4508,168.4722588645015
TEST_4509,99.97621441156232
TEST_4510,36.665914602421445
TEST_4511,34.665788304305835
TEST_4512,131.39737255615225
TEST_4513,166.06632898602763
TEST_4514,215.23345748841794
TEST_4515,122.846021978022
TEST_4516,7.345771619053324
TEST_4517,45.555928378434864
TEST_4518,60.31856658302162
TEST_4519,41.7545320335357
TEST_4520,144.18251052584574
TEST_4521,102.11322208106225
TEST_4522,44.222208154075226
TEST_4523,13.27906149885891
TEST_4524,5.530173329272613
TEST_4525,25.878662889928755
TEST_4526,53.001043697585565
TEST_4527,80.66270612425032
TEST_4528,41.61583742426642
TEST_4529,40.34883416630624
TEST_4530,20.898208191041416
TEST_4531,63.574513140308675
TEST_4532,42.80912740598913
TEST_4533,3.508773182957394
TEST_4534,7.2513495791768365
TEST_4535,92.19711792490465
TEST_4536,22.243227891368615
TEST_4537,20.084994156053998
TEST_4538,117.78382246014772
TEST_4539,82.89049999999999
TEST_4540,81.28770721925133
TEST_4541,11.486792937017817
TEST_4542,4.251414279958508
TEST_4543,141.24955689130402
TEST_4544,12.085373340420832
TEST_4545,181.46816808885558
TEST_4546,81.73781999573767
TEST_4547,69.5645025953128
TEST_4548,90.08208197303267
TEST_4549,47.72313873176403
TEST_4550,17.482237091940473
TEST_4551,56.18978793783652
TEST_4552,142.40992811539456
TEST_4553,17.282277365595174
TEST_4554,69.83841012296527
TEST_4555,86.02297829431173
TEST_4556,77.86990463967146
TEST_4557,112.16228211854093
TEST_4558,38.31110058814593
TEST_4559,41.7694168395036
TEST_4560,13.01030716087676
TEST_4561,118.4562871608968
TEST_4562,87.76431496114809
TEST_4563,181.10433050426843
TEST_4564,132.1184213921291
TEST_4565,218.443670160249
TEST_4566,61.53942352741359
TEST_4567,157.9580880678752
TEST_4568,126.81365653697995
TEST_4569,60.800833252163194
TEST_4570,213.55054646742144
TEST_4571,181.2391147005362
TEST_4572,50.47206541517048
TEST_4573,152.46119449988007
TEST_4574,31.55213143471586
TEST_4575,151.10095802382128
TEST_4576,64.35911535536923
TEST_4577,180.52730479866707
TEST_4578,24.084774061037802
TEST_4579,103.49505847423771
TEST_4580,200.49493097173337
TEST_4581,53.595836040594946
TEST_4582,40.04117315101311
TEST_4583,174.98648624693396
TEST_4584,199.82005049592226
TEST_4585,27.851084177823523
TEST_4586,42.96502933920871
TEST_4587,98.30517261904762
TEST_4588,119.70001762126762
TEST_4589,20.044793047610725
TEST_4590,63.810740536647145
TEST_4591,97.83647893726453
TEST_4592,76.4955656844933
TEST_4593,126.74742710639033
TEST_4594,14.470210004334175
TEST_4595,93.47576343563841
TEST_4596,13.180940939153436
TEST_4597,172.38549092455168
TEST_4598,81.35996157477308
TEST_4599,90.94519205483525
TEST_4600,116.71192978058258
TEST_4601,25.053910995575478
TEST_4602,105.31996656760279
TEST_4603,105.96065622388154
TEST_4604,77.43289333359868
TEST_4605,16.210698712732338
TEST_4606,12.483992506593307
TEST_4607,26.026436202142087
TEST_4608,133.4714897447603
TEST_4609,17.221366750488073
TEST_4610,167.90138370900343
TEST_4611,23.310654448562442
TEST_4612,130.71303880456549
TEST_4613,52.8843332223281
TEST_4614,178.80872918349044
TEST_4615,4.817667212414531
TEST_4616,204.5075303932179
TEST_4617,161.66947835497834
TEST_4618,54.01518198227261
TEST_4619,178.138422229931
TEST_4620,109.62370959846825
TEST_4621,121.90773634107126
TEST_4622,32.57355960764961
TEST_4623,83.14510614400646
TEST_4624,147.37219381962598
TEST_4625,50.69878552161402
TEST_4626,162.56383414577468
TEST_4627,13.845616648616264
TEST_4628,97.89664098910531
TEST_4629,113.82199498527791
TEST_4630,29.11744228408761
TEST_4631,88.21038221500721
TEST_4632,95.35993208955114
TEST_4633,63.96789053985299
TEST_4634,167.78993915601077
TEST_4635,60.499696695961646
TEST_4636,2.1140245127592774
TEST_4637,101.67406377459157
TEST_4638,106.1675176702583
TEST_4639,33.98222042038667
TEST_4640,124.73653755966255
TEST_4641,52.121667463838556
TEST_4642,28.100100643791276
TEST_4643,29.41695568295017
TEST_4644,53.72442383676658
TEST_4645,108.18221041902987
TEST_4646,49.64328121896954
TEST_4647,9.561199972100916
TEST_4648,70.48034634553903
TEST_4649,180.93815710241503
TEST_4650,141.26276928799754
TEST_4651,206.45784238854174
TEST_4652,127.73275653481214
TEST_4653,159.65420867608168
TEST_4654,132.91525033378423
TEST_4655,35.34142678309542
TEST_4656,62.97253922996938
TEST_4657,113.49133990760716
TEST_4658,8.177665867425764
TEST_4659,84.81943091384454
TEST_4660,44.15107099182718
TEST_4661,151.98783764681696
TEST_4662,8.686259699962807
TEST_4663,110.27455203171041
TEST_4664,42.285333421746465
TEST_4665,57.24651497821441
TEST_4666,195.12650946275946
TEST_4667,203.9961160714286
TEST_4668,79.05582359307357
TEST_4669,192.60759944594807
TEST_4670,251.08353648394095
TEST_4671,88.43452193235409
TEST_4672,22.008616513762917
TEST_4673,116.51569668245241
TEST_4674,16.48221618447534
TEST_4675,183.7678424602713
TEST_4676,60.93795550550814
TEST_4677,94.84984373169885
TEST_4678,77.51403756047871
TEST_4679,91.73075405414775
TEST_4680,245.81146183963094
TEST_4681,93.13074740512216
TEST_4682,28.354515811385177
TEST_4683,129.6220765218986
TEST_4684,32.05255238663492
TEST_4685,190.53139976247695
TEST_4686,18.118853610832737
TEST_4687,61.327801602183214
TEST_4688,17.166727154596455
TEST_4689,16.831213021423224
TEST_4690,125.40470180999405
TEST_4691,70.40389807192675
TEST_4692,21.13341624945781
TEST_4693,143.64319082450342
TEST_4694,73.3343575210396
TEST_4695,88.77953930592172
TEST_4696,3.8810357142857144
TEST_4697,189.68862818148904
TEST_4698,34.7172128701169
TEST_4699,132.38036336945225
TEST_4700,25.96321924305942
TEST_4701,125.10400199056131
TEST_4702,123.44492264497198
TEST_4703,74.10618643250024
TEST_4704,134.27109236538033
TEST_4705,195.82276839008654
TEST_4706,58.474415277279824
TEST_4707,184.82639801577304
TEST_4708,19.98363153091166
TEST_4709,108.52042994505494
TEST_4710,130.5738903359978
TEST_4711,240.41570719803067
TEST_4712,30.397171051655683
TEST_4713,64.91889295471572
TEST_4714,146.6754345877241
TEST_4715,17.50037328999011
TEST_4716,82.14954474198252
TEST_4717,106.30279446248194
TEST_4718,4.321904761904762
TEST_4719,41.4323956042298
TEST_4720,29.33974056893736
TEST_4721,62.140955036874075
TEST_4722,14.399206623605648
TEST_4723,63.8341389542368
TEST_4724,76.7839036764927
TEST_4725,2.2382425513833475
TEST_4726,22.862308650781063
TEST_4727,6.074744787056414
TEST_4728,171.49605209886354
TEST_4729,165.5972931459846
TEST_4730,67.28937408926791
TEST_4731,160.17957921495656
TEST_4732,182.50319635664252
TEST_4733,10.957399901268323
TEST_4734,71.56855442701763
TEST_4735,5.231893077256189
TEST_4736,160.05904867191632
TEST_4737,200.6953097115357
TEST_4738,184.8099976480611
TEST_4739,137.94597166286158
TEST_4740,126.22506482682633
TEST_4741,91.05128889069017
TEST_4742,67.32259094757228
TEST_4743,127.86584365269233
TEST_4744,138.42888700572644
TEST_4745,14.1736007488326
TEST_4746,179.09262680113522
TEST_4747,168.52726337551337
TEST_4748,2.388916511612693
TEST_4749,141.3242487880873
TEST_4750,52.88397814389104
TEST_4751,4.825042405212429
TEST_4752,30.10455552126429
TEST_4753,11.103791520790969
TEST_4754,71.94476105530477
TEST_4755,91.54487756298278
TEST_4756,40.901190263507914
TEST_4757,107.05898315807757
TEST_4758,171.83764018776392
TEST_4759,28.776741850009373
TEST_4760,36.73049694333165
TEST_4761,163.60394647664546
TEST_4762,81.84270973741582
TEST_4763,14.999068605006103
TEST_4764,44.71183909448797
TEST_4765,131.1806520840271
TEST_4766,38.88822560240701
TEST_4767,7.028250505517062
TEST_4768,181.3642386310585
TEST_4769,217.2122572113559
TEST_4770,21.654498477471034
TEST_4771,109.16394841269839
TEST_4772,154.32786573867247
TEST_4773,130.1210250968922
TEST_4774,39.75507967802025
TEST_4775,88.64068748352611
TEST_4776,56.35152905093695
TEST_4777,54.321278454779666
TEST_4778,6.851509353629206
TEST_4779,122.3333722917434
TEST_4780,248.71034686147183
TEST_4781,24.91219111547242
TEST_4782,8.41802929881348
TEST_4783,51.93677153632002
TEST_4784,2.7893313071677928
TEST_4785,111.9744816975269
TEST_4786,26.401417465072413
TEST_4787,79.79421301378883
TEST_4788,135.91989421618433
TEST_4789,55.46469197798343
TEST_4790,147.8678077505484
TEST_4791,165.44765799402705
TEST_4792,136.40010645815624
TEST_4793,112.86956230293002
TEST_4794,75.94008645669594
TEST_4795,107.74923784329478
TEST_4796,98.49088036605936
TEST_4797,167.9598242296919
TEST_4798,20.45652780228719
TEST_4799,93.28567816887576
TEST_4800,34.0896233229585
TEST_4801,169.62765180915474
TEST_4802,3.897079150579151
TEST_4803,56.73995088279304
TEST_4804,55.83914583863847
TEST_4805,38.968975559829815
TEST_4806,63.41309908189017
TEST_4807,157.49163537204467
TEST_4808,198.31391239316238
TEST_4809,109.53397420634921
TEST_4810,112.70620251722941
TEST_4811,24.452452100940306
TEST_4812,127.8112382686758
TEST_4813,167.46943955191068
TEST_4814,12.91985009809592
TEST_4815,5.7044447767829585
TEST_4816,15.613367301474652
TEST_4817,179.12511843759145
TEST_4818,144.85419005163732
TEST_4819,8.274383371254594
TEST_4820,50.738688480487724
TEST_4821,104.6298089961242
TEST_4822,36.60816981629482
TEST_4823,77.59863196611897
TEST_4824,132.96867663260093
TEST_4825,164.09541615688102
TEST_4826,41.394391729593934
TEST_4827,232.19564869444278
TEST_4828,72.17214958506406
TEST_4829,180.63579508559033
TEST_4830,222.67875000000004
TEST_4831,150.98725334641938
TEST_4832,41.47909565596026
TEST_4833,143.39102168707603
TEST_4834,52.21361611456177
TEST_4835,165.07095778018353
TEST_4836,98.02525454957727
TEST_4837,67.6578546837966
TEST_4838,216.32159397546903
TEST_4839,175.85014772343436
TEST_4840,102.59285828836792
TEST_4841,84.36485655427609
TEST_4842,115.37390549602074
TEST_4843,74.5323725497778
TEST_4844,90.52793850820228
TEST_4845,46.820766792235545
TEST_4846,114.48546899800604
TEST_4847,59.57674357191074
TEST_4848,170.53648793215064
TEST_4849,65.7166447320954
TEST_4850,228.39015981240985
TEST_4851,183.62516108785871
TEST_4852,51.69976653143648
TEST_4853,19.23632643494624
TEST_4854,30.683822150934414
TEST_4855,45.118963773176354
TEST_4856,133.5328882503189
TEST_4857,213.5243080775695
TEST_4858,217.61159120971624
TEST_4859,46.22538376081467
TEST_4860,33.37860734372621
TEST_4861,49.91660052447553
TEST_4862,115.94089182336285
TEST_4863,75.35051793556683
TEST_4864,4.417904761904762
TEST_4865,26.211589551702936
TEST_4866,99.02060709476328
TEST_4867,119.10657845536451
TEST_4868,33.63611191692649
TEST_4869,87.2743361083361
TEST_4870,153.35342166040655
TEST_4871,231.5011546231547
TEST_4872,155.65693771499826
TEST_4873,156.40702223152084
TEST_4874,7.703391083570802
TEST_4875,200.61441048534797
TEST_4876,116.10592533781292
TEST_4877,139.01407537675755
TEST_4878,21.262903664005275
TEST_4879,89.4064134156109
TEST_4880,165.1677678867071
TEST_4881,93.37899358454601
TEST_4882,65.37034100252127
TEST_4883,138.22765023853142
TEST_4884,206.00193100428686
TEST_4885,21.140929947367454
TEST_4886,17.142666299341368
TEST_4887,38.67242658730159
TEST_4888,8.98824600308263
TEST_4889,190.78721372643878
TEST_4890,44.54945952984924
TEST_4891,11.532109219624935
TEST_4892,79.13130159516265
TEST_4893,65.87476142039243
TEST_4894,93.96864722630482
TEST_4895,251.2817009888976
TEST_4896,54.94600842507661
TEST_4897,39.42062147354977
TEST_4898,163.84768253968252
TEST_4899,74.26668915809472
TEST_4900,109.6116292994401
TEST_4901,135.99293843439798
TEST_4902,67.63153479639351
TEST_4903,99.92502757267647
TEST_4904,190.1422134218765
TEST_4905,55.60760334252278
TEST_4906,32.27603900881615
TEST_4907,44.12845873467778
TEST_4908,97.69932286602287
TEST_4909,60.146287775312004
TEST_4910,185.97396302002383
TEST_4911,122.77552387106861
TEST_4912,78.66464441961136
TEST_4913,32.58312121548838
TEST_4914,182.46749295494357
TEST_4915,10.382405116070009
TEST_4916,105.54904600438913
TEST_4917,69.39319974077588
TEST_4918,3.9108886743886746
TEST_4919,209.13063857646182
TEST_4920,146.82620321268888
TEST_4921,13.068793975758842
TEST_4922,125.43229656080129
TEST_4923,66.66868954333268
TEST_4924,182.17151487351876
TEST_4925,18.390024308751677
TEST_4926,19.24181544424527
TEST_4927,5.952599201819487
TEST_4928,190.3951887428319
TEST_4929,59.11429779942279
TEST_4930,134.58075831532045
TEST_4931,21.14324577349129
TEST_4932,180.21395008925475
TEST_4933,118.98260032331608
TEST_4934,104.18234983303014
TEST_4935,80.9474313657701
TEST_4936,39.882666263657434
TEST_4937,50.45302916820676
TEST_4938,112.69294232061421
TEST_4939,180.81842673508945
TEST_4940,97.4208202081695
TEST_4941,35.65888628936423
TEST_4942,31.934301164560456
TEST_4943,155.20258651590925
TEST_4944,30.246133708136362
TEST_4945,70.70306899186086
TEST_4946,99.71284989734437
TEST_4947,14.743170029134832
TEST_4948,167.39597379795794
TEST_4949,71.76202680616866
TEST_4950,79.37096797001828
TEST_4951,86.4620097361788
TEST_4952,135.40724740115698
TEST_4953,18.276860892341045
TEST_4954,191.51244032432203
TEST_4955,52.55914073040078
TEST_4956,66.44510251744087
TEST_4957,74.59737059829222
TEST_4958,59.0539727349188
TEST_4959,76.2176855588862
TEST_4960,8.891122839429356
TEST_4961,252.15350363397613
TEST_4962,51.88289916530789
TEST_4963,71.1225231627076
TEST_4964,70.93934374999999
TEST_4965,122.0863266299989
TEST_4966,172.1809477927562
TEST_4967,136.79159147698783
TEST_4968,102.97928473336853
TEST_4969,3.889759238899635
TEST_4970,168.74409746831668
TEST_4971,99.66675039197047
TEST_4972,12.493192052588808
TEST_4973,96.60857844645555
TEST_4974,10.606850940674887
TEST_4975,54.04991122981003
TEST_4976,44.520204706468455
TEST_4977,76.03217138212041
TEST_4978,7.416112321522511
TEST_4979,79.73425570886016
TEST_4980,7.312447745548365
TEST_4981,161.7283218064092
TEST_4982,176.63624705918977
TEST_4983,108.50823269026588
TEST_4984,13.336993884246489
TEST_4985,76.69568735431234
TEST_4986,9.678714284660739
TEST_4987,7.6728583921501645
TEST_4988,101.2251081480215
TEST_4989,120.48544971369017
TEST_4990,38.33038227855495
TEST_4991,30.415904686643543
TEST_4992,59.104189218172785
TEST_4993,175.67607941373538
TEST_4994,15.13319892125468
TEST_4995,69.0904627342663
TEST_4996,92.2482357901494
TEST_4997,69.61819830944125
TEST_4998,212.4292489170187
TEST_4999,71.07515144026624
TEST_5000,42.67954584502243
TEST_5001,45.95909794604658
TEST_5002,66.28653312672598
TEST_5003,43.566270273163674
TEST_5004,194.1678559399765
TEST_5005,15.777446312555021
TEST_5006,6.899032781389801
TEST_5007,79.86881044172844
TEST_5008,61.759144169310986
TEST_5009,121.3425245042314
TEST_5010,138.25440419338406
TEST_5011,121.15037638191333
TEST_5012,64.59607159766693
TEST_5013,50.985970212343894
TEST_5014,114.35155376123438
TEST_5015,69.8680842217339
TEST_5016,114.4892737204123
TEST_5017,46.21459688299317
TEST_5018,105.04839521479515
TEST_5019,95.8240840023111
TEST_5020,7.12860678291161
TEST_5021,17.52302392052392
TEST_5022,211.89545500050502
TEST_5023,101.36428936419038
TEST_5024,169.06515379795644
TEST_5025,85.73896289303866
TEST_5026,35.20958014944306
TEST_5027,122.65416011096414
TEST_5028,3.918995817245817
TEST_5029,121.2163759525562
TEST_5030,79.29072592528505
TEST_5031,163.30481664986144
TEST_5032,2.3129770408163264
TEST_5033,70.12323629228652
TEST_5034,63.21245554034762
TEST_5035,73.42954004329003
TEST_5036,22.339239291548925
TEST_5037,145.62197196006014
TEST_5038,39.33273707484355
TEST_5039,132.79620761111653
TEST_5040,129.18670616883117
TEST_5041,203.29256746031749
TEST_5042,176.87042255309007
TEST_5043,50.70141517661082
TEST_5044,52.15212129338491
TEST_5045,153.82486957707323
TEST_5046,213.3604996392496
TEST_5047,149.08639621259786
TEST_5048,43.60888602673413
TEST_5049,41.97381112578306
TEST_5050,20.62067003096018
TEST_5051,108.99360290035236
TEST_5052,58.2053551652442
TEST_5053,72.57323486700204
TEST_5054,219.195906968032
TEST_5055,42.87735380558086
TEST_5056,17.50817190964169
TEST_5057,108.4045734690146
TEST_5058,64.63453554288957
TEST_5059,18.955291007591473
TEST_5060,123.68684787491003
TEST_5061,72.72390387754237
TEST_5062,98.06719316820755
TEST_5063,71.83794879025747
TEST_5064,12.686689061404389
TEST_5065,18.637812151599693
TEST_5066,254.6855606855847
TEST_5067,4.436071428571429
TEST_5068,11.122940638235027
TEST_5069,130.65900176776904
TEST_5070,149.39332962509252
TEST_5071,66.38686266699261
TEST_5072,92.39972348484848
TEST_5073,8.285107179265166
TEST_5074,33.96462366640927
TEST_5075,9.490316648629149
TEST_5076,195.12206914153523
TEST_5077,17.197908061219824
TEST_5078,125.28284980247876
TEST_5079,34.49459322990671
TEST_5080,42.39787828657748
TEST_5081,140.90773157019893
TEST_5082,103.15311192279941
TEST_5083,196.99864850728054
TEST_5084,165.72496468953716
TEST_5085,208.65412082362084
TEST_5086,140.26405242383655
TEST_5087,182.31553619472248
TEST_5088,42.56129200129934
TEST_5089,72.21959880974445
TEST_5090,77.84079779942277
TEST_5091,131.46254598133106
TEST_5092,170.49225659228318
TEST_5093,12.5268470363478
TEST_5094,35.00717152744599
TEST_5095,99.96790374015771
TEST_5096,40.39163251505659
TEST_5097,51.47085042132721
TEST_5098,187.34486313103224
TEST_5099,180.71889169248954
TEST_5100,108.85912562668811
TEST_5101,72.3511224110375
TEST_5102,62.265184882927535
TEST_5103,38.007595371160775
TEST_5104,134.8212808310326
TEST_5105,191.63118157573427
TEST_5106,197.5175084416143
TEST_5107,11.141421726377962
TEST_5108,47.65370980261482
TEST_5109,193.94571689487555
TEST_5110,135.15251984126985
TEST_5111,60.02879814913606
TEST_5112,42.4314810247454
TEST_5113,92.35851852967295
TEST_5114,73.23807868342611
TEST_5115,156.1951426027854
TEST_5116,188.29525094108791
TEST_5117,165.3888580960553
TEST_5118,110.4359843192655
TEST_5119,39.33111666703352
TEST_5120,163.26800635783636
TEST_5121,91.75423442994914
TEST_5122,49.749148941835365
TEST_5123,84.45648510585632
TEST_5124,133.41058338812462
TEST_5125,133.28553326265583
TEST_5126,175.9516216158797
TEST_5127,107.27965552178428
TEST_5128,54.39108211471048
TEST_5129,16.270163144045497
TEST_5130,37.156107571482515
TEST_5131,145.8018768226941
TEST_5132,37.606933135532934
TEST_5133,8.339709320334102
TEST_5134,91.82097793709325
TEST_5135,148.9348936125149
TEST_5136,52.254649638227264
TEST_5137,39.89025209968772
TEST_5138,107.74983246155034
TEST_5139,84.10301610598295
TEST_5140,138.35931404378934
TEST_5141,111.58713242054988
TEST_5142,105.73157936507938
TEST_5143,204.97018334652205
TEST_5144,95.61304134644793
TEST_5145,7.260229870681868
TEST_5146,4.155935178586123
TEST_5147,181.87823496904883
TEST_5148,62.350770873479796
TEST_5149,40.91491853544888
TEST_5150,179.45211689088475
TEST_5151,191.42481872294374
TEST_5152,66.04054450585627
TEST_5153,84.83961614774114
TEST_5154,112.39656595903314
TEST_5155,44.00501642509732
TEST_5156,64.53822740272682
TEST_5157,175.3852488361606
TEST_5158,220.4209182761682
TEST_5159,152.34142480497675
TEST_5160,154.47711577325163
TEST_5161,38.37887797153653
TEST_5162,164.80655404430524
TEST_5163,168.09736041423284
TEST_5164,173.25464197337777
TEST_5165,6.711904194801949
TEST_5166,7.340223566208561
TEST_5167,140.88217932231169
TEST_5168,90.51863998971406
TEST_5169,59.803232877193935
TEST_5170,88.61973840190127
TEST_5171,15.608814137725114
TEST_5172,180.46649344707137
TEST_5173,114.00130265567765
TEST_5174,58.068723077974035
TEST_5175,12.769767499340265
TEST_5176,119.26161558630334
TEST_5177,36.92967778311695
TEST_5178,77.74269914061573
TEST_5179,115.32390344189605
TEST_5180,19.251158587601523
TEST_5181,133.1291122598162
TEST_5182,12.146452564096656
TEST_5183,204.8264724025974
TEST_5184,147.6604843295622
TEST_5185,7.785310944614771
TEST_5186,177.9751267223824
TEST_5187,38.905975566315355
TEST_5188,211.3978142220099
TEST_5189,25.107828528175176
TEST_5190,29.322788905601048
TEST_5191,24.67318201370607
TEST_5192,157.2635148122828
TEST_5193,71.86584523809523
TEST_5194,165.41019461255547
TEST_5195,21.063477340666985
TEST_5196,24.614727239832455
TEST_5197,36.93171981549323
TEST_5198,10.204565927128428
TEST_5199,115.39783265483494
TEST_5200,152.34836608507553
TEST_5201,46.619164590604676
TEST_5202,72.97485714931678
TEST_5203,39.10800934344667
TEST_5204,3.312013301432943
TEST_5205,51.86986618225137
TEST_5206,136.44464827929036
TEST_5207,84.0811200313903
TEST_5208,11.058053074154817
TEST_5209,207.36925065783893
TEST_5210,186.15819735382433
TEST_5211,6.129386817140482
TEST_5212,23.500950525445887
TEST_5213,56.210547684747574
TEST_5214,189.2323024860115
TEST_5215,55.312474740942164
TEST_5216,75.31666584321476
TEST_5217,20.70672669480837
TEST_5218,132.3464280058857
TEST_5219,45.68309242519003
TEST_5220,15.689574946215778
TEST_5221,2.4006706103318844
TEST_5222,157.28328345903745
TEST_5223,154.3245909961952
TEST_5224,72.20279544858735
TEST_5225,199.79319831557328
TEST_5226,8.286618969214473
TEST_5227,94.80091259011071
TEST_5228,70.81166543802792
TEST_5229,218.07943442913296
TEST_5230,141.46058229265063
TEST_5231,42.56135031118784
TEST_5232,7.476738530735863
TEST_5233,158.31155726011804
TEST_5234,124.4390392676768
TEST_5235,68.82518577357027
TEST_5236,44.946112012166175
TEST_5237,205.11656104312362
TEST_5238,13.829144425770856
TEST_5239,56.632899315433576
TEST_5240,85.02133720565566
TEST_5241,157.3848479166387
TEST_5242,39.4356480999419
TEST_5243,23.007132008148357
TEST_5244,134.5762493809718
TEST_5245,2.062259297695947
TEST_5246,59.460882647764564
TEST_5247,104.09409839366707
TEST_5248,21.062510761539688
TEST_5249,28.843687464867088
TEST_5250,15.74440810170222
TEST_5251,23.860954117802766
TEST_5252,112.00814412246572
TEST_5253,23.147269197628784
TEST_5254,11.701823657642445
TEST_5255,19.554171205063053
TEST_5256,35.906029945054954
TEST_5257,164.7033238729331
TEST_5258,26.248131909928826
TEST_5259,105.23903728740099
TEST_5260,134.1791540834408
TEST_5261,139.25515371092547
TEST_5262,147.76710044180717
TEST_5263,211.1599523809524
TEST_5264,31.695417603079754
TEST_5265,62.7555797418872
TEST_5266,165.36210496742532
TEST_5267,165.648814372812
TEST_5268,137.50566125007867
TEST_5269,86.05575582257453
TEST_5270,113.06963291031478
TEST_5271,119.31364536455257
TEST_5272,126.39088401875904
TEST_5273,91.71450378817946
TEST_5274,68.45913141227409
TEST_5275,159.7412432046516
TEST_5276,127.47356895545312
TEST_5277,199.63826829839974
TEST_5278,19.8660387724161
TEST_5279,195.8738009390506
TEST_5280,38.18069985196047
TEST_5281,71.82731134371406
TEST_5282,6.432283930667175
TEST_5283,193.3964950225858
TEST_5284,93.08778406987278
TEST_5285,163.62604860508026
TEST_5286,190.4792828959397
TEST_5287,45.956905550203146
TEST_5288,32.332417561773624
TEST_5289,103.2680537821354
TEST_5290,40.481903891125064
TEST_5291,172.59898283587762
TEST_5292,6.791181980462535
TEST_5293,162.3989899604905
TEST_5294,146.41165181669933
TEST_5295,219.41492804598784
TEST_5296,47.673540695415696
TEST_5297,154.18811727996928
TEST_5298,38.179826331663755
TEST_5299,32.24215233688211
TEST_5300,45.23354352529565
TEST_5301,165.49050353892198
TEST_5302,116.2586557054831
TEST_5303,144.6218420212418
TEST_5304,136.45499669833302
TEST_5305,150.68315848776336
TEST_5306,45.43874498102096
TEST_5307,204.58546846219187
TEST_5308,26.00313765528781
TEST_5309,33.091647860717714
TEST_5310,200.1150147022672
TEST_5311,93.14109719169028
TEST_5312,152.85466059585883
TEST_5313,123.8656354462405
TEST_5314,50.50539902080669
TEST_5315,188.49036850186852
TEST_5316,137.81856447001414
TEST_5317,165.01638182381686
TEST_5318,72.86282188777488
TEST_5319,128.37244832020428
TEST_5320,78.20345431900745
TEST_5321,161.79887373737375
TEST_5322,70.60700650710228
TEST_5323,104.99496610271322
TEST_5324,79.13101580210795
TEST_5325,9.556849237421297
TEST_5326,70.8449258303683
TEST_5327,13.248650828645744
TEST_5328,119.53878154368235
TEST_5329,32.52613249076992
TEST_5330,107.6997245809746
TEST_5331,3.9819958172458176
TEST_5332,139.4543918693314
TEST_5333,164.48755254953977
TEST_5334,39.08769134679539
TEST_5335,76.164158008658
TEST_5336,28.878857439756192
TEST_5337,60.97563535070712
TEST_5338,208.23713190901796
TEST_5339,113.22903234815924
TEST_5340,96.95078337677816
TEST_5341,158.96401536834625
TEST_5342,153.71815606838422
TEST_5343,92.20459971946619
TEST_5344,40.972440984060974
TEST_5345,145.6855667123747
TEST_5346,22.441419244139265
TEST_5347,123.74494907138747
TEST_5348,21.755997276245836
TEST_5349,110.77148149290888
TEST_5350,188.7568576446702
TEST_5351,21.203201440372496
TEST_5352,200.04033333333334
TEST_5353,89.3193699504792
TEST_5354,45.12164898202192
TEST_5355,81.7724674622272
TEST_5356,165.43753709648558
TEST_5357,127.09869031091462
TEST_5358,82.5102700351707
TEST_5359,16.083072565054326
TEST_5360,112.0187708065982
TEST_5361,122.92694657907136
TEST_5362,100.31003397672106
TEST_5363,4.306394626769627
TEST_5364,162.25643415633337
TEST_5365,16.797238717569407
TEST_5366,45.45475961538461
TEST_5367,211.22312301587303
TEST_5368,24.32542536699973
TEST_5369,207.7242606557869
TEST_5370,92.19473052468014
TEST_5371,119.70269037063562
TEST_5372,57.57188724653656
TEST_5373,29.963289878254695
TEST_5374,66.22906624015725
TEST_5375,110.03578106991745
TEST_5376,15.588221313952934
TEST_5377,50.798168522357926
TEST_5378,88.0100318637136
TEST_5379,83.65687885528085
TEST_5380,122.00910960617809
TEST_5381,153.02076169395949
TEST_5382,3.8547577220077223
TEST_5383,139.20687502093176
TEST_5384,20.74639169782592
TEST_5385,117.86033703139921
TEST_5386,3.792819334844722
TEST_5387,137.14926912480078
TEST_5388,165.89816503442634
TEST_5389,65.04012522682571
TEST_5390,59.3303738132576
TEST_5391,161.1891448601086
TEST_5392,116.65368360805861
TEST_5393,117.76207516990178
TEST_5394,150.58589369623962
TEST_5395,7.643057656371529
TEST_5396,163.43212520270555
TEST_5397,92.61407030584218
TEST_5398,132.9228755146677
TEST_5399,43.01945478165881
TEST_5400,38.049218414211076
TEST_5401,224.77742815517817
TEST_5402,18.275832398509646
TEST_5403,213.315404551615
TEST_5404,126.59827851446938
TEST_5405,60.34903148245936
TEST_5406,6.72801142863844
TEST_5407,100.38782312054809
TEST_5408,122.6477651512125
TEST_5409,36.005433664267684
TEST_5410,126.20022421896543
TEST_5411,105.1557209409284
TEST_5412,52.3033216991342
TEST_5413,15.645532439582341
TEST_5414,151.34914819902318
TEST_5415,64.82000456487957
TEST_5416,141.68821297421914
TEST_5417,19.103544403897967
TEST_5418,103.90920743583898
TEST_5419,117.3257559660886
TEST_5420,184.86107579834174
TEST_5421,6.757980477187033
TEST_5422,70.09043611342791
TEST_5423,148.5873133280912
TEST_5424,142.0502310147345
TEST_5425,89.02384191731393
TEST_5426,192.557508628881
TEST_5427,21.885046577306856
TEST_5428,185.0805814499827
TEST_5429,89.92844244280437
TEST_5430,24.920228883817508
TEST_5431,113.93180397380398
TEST_5432,181.79298827918333
TEST_5433,104.65140264424537
TEST_5434,124.53246440685508
TEST_5435,147.83205718015827
TEST_5436,76.36659768440877
TEST_5437,179.05303985003323
TEST_5438,52.160307276057274
TEST_5439,184.93978915848479
TEST_5440,11.440425996395705
TEST_5441,70.8436379974938
TEST_5442,101.65019008363736
TEST_5443,104.05809194674025
TEST_5444,186.70511111111114
TEST_5445,74.16909739258838
TEST_5446,192.04731131642092
TEST_5447,28.958057837091545
TEST_5448,44.22786640905801
TEST_5449,140.1518347078803
TEST_5450,219.9028203691734
TEST_5451,44.40690196139287
TEST_5452,119.02460193157772
TEST_5453,101.82172155983733
TEST_5454,159.80797157001356
TEST_5455,51.28336092543077
TEST_5456,129.87364204279396
TEST_5457,39.28064485777381
TEST_5458,61.60578117952234
TEST_5459,88.86938132608901
TEST_5460,175.55804970924467
TEST_5461,108.50181024095733
TEST_5462,16.203177129703246
TEST_5463,176.83330305383024
TEST_5464,132.4618237073384
TEST_5465,137.68213616854848
TEST_5466,143.08704435082515
TEST_5467,89.41838700135857
TEST_5468,58.42204787392561
TEST_5469,66.99429394794755
TEST_5470,63.90712670986859
TEST_5471,86.63209009518343
TEST_5472,124.0542020850141
TEST_5473,35.366513330463945
TEST_5474,162.71530760024822
TEST_5475,100.15960452258442
TEST_5476,169.9060513021836
TEST_5477,117.0982549356838
TEST_5478,136.98039345140276
TEST_5479,64.82732146833811
TEST_5480,99.70749167209925
TEST_5481,66.01781777627676
TEST_5482,206.57167499398747
TEST_5483,88.58620901921331
TEST_5484,207.1795195028402
TEST_5485,158.2608369576146
TEST_5486,211.03544588744592
TEST_5487,103.06601254601945
TEST_5488,11.713987907222515
TEST_5489,13.914259986236956
TEST_5490,152.24776941560407
TEST_5491,212.55106954992934
TEST_5492,64.16930237123988
TEST_5493,79.78449032066965
TEST_5494,52.258141651393316
TEST_5495,116.73042341117713
TEST_5496,3.0764567326547883
TEST_5497,20.50254785020122
TEST_5498,75.59489837450134
TEST_5499,139.8700877031465
TEST_5500,136.21332377995674
TEST_5501,41.368972296032354
TEST_5502,71.83147395197933
TEST_5503,105.83986755699438
TEST_5504,184.98518010961806
TEST_5505,182.97922456709958
TEST_5506,211.25659124793347
TEST_5507,196.78734707900142
TEST_5508,121.16838072482474
TEST_5509,62.009268677098234
TEST_5510,146.68458479336218
TEST_5511,100.61900541948047
TEST_5512,200.37947554406384
TEST_5513,147.6166235386866
TEST_5514,99.47568604482836
TEST_5515,101.54514389943895
TEST_5516,60.661328593834426
TEST_5517,204.8163365903439
TEST_5518,19.77827175750928
TEST_5519,94.14472533612037
TEST_5520,82.44287471091074
TEST_5521,9.118671085598791
TEST_5522,19.444326895326896
TEST_5523,66.19756909803299
TEST_5524,70.14862771345099
TEST_5525,62.43471796110364
TEST_5526,81.96156160713227
TEST_5527,203.5111206905839
TEST_5528,4.603442764367717
TEST_5529,103.44621210750267
TEST_5530,123.00314178876681
TEST_5531,149.44801342015396
TEST_5532,133.41639924261233
TEST_5533,7.136449427953122
TEST_5534,15.689890521758944
TEST_5535,10.965338133713407
TEST_5536,50.83988155309772
TEST_5537,52.283567288092875
TEST_5538,237.36089285714286
TEST_5539,84.55164770690396
TEST_5540,8.869526656989603
TEST_5541,155.9821557810706
TEST_5542,46.63369997138225
TEST_5543,4.302214285714286
TEST_5544,10.431569561301208
TEST_5545,36.981212930738415
TEST_5546,185.22144827396826
TEST_5547,221.3615849699108
TEST_5548,126.77792126743778
TEST_5549,93.83904594053834
TEST_5550,28.59100524720044
TEST_5551,70.08256861969728
TEST_5552,16.568430150099907
TEST_5553,111.01303141792845
TEST_5554,262.56720192307694
TEST_5555,17.304101625046158
TEST_5556,226.46691059087104
TEST_5557,168.40470613359994
TEST_5558,129.6271735402457
TEST_5559,67.53976962088367
TEST_5560,87.49053294777019
TEST_5561,194.3224887499768
TEST_5562,62.6274882819922
TEST_5563,85.09690476190477
TEST_5564,59.68501170085481
TEST_5565,142.0299404325567
TEST_5566,122.16978769841268
TEST_5567,120.7793404789655
TEST_5568,90.07861641000615
TEST_5569,203.63707683470594
TEST_5570,21.96127691642237
TEST_5571,89.82407523548689
TEST_5572,176.32531081418583
TEST_5573,137.30190499396883
TEST_5574,129.16910443886118
TEST_5575,43.700087008445934
TEST_5576,60.20512221045981
TEST_5577,76.94956706487957
TEST_5578,56.08824342515403
TEST_5579,12.310027147704213
TEST_5580,118.61988167388166
TEST_5581,123.4858040716203
TEST_5582,124.7502111706518
TEST_5583,8.683033006438139
TEST_5584,101.67561191182399
TEST_5585,87.36969854598651
TEST_5586,35.838798102354424
TEST_5587,107.52564144053115
TEST_5588,85.08104052618762
TEST_5589,115.25503426894903
TEST_5590,185.32043932528734
TEST_5591,175.67061570415487
TEST_5592,56.65423131299089
TEST_5593,149.8730759639994
TEST_5594,187.96231143469598
TEST_5595,138.49193760883583
TEST_5596,28.411748923552747
TEST_5597,55.13368947993669
TEST_5598,184.98305400866337
TEST_5599,14.243470156400878
TEST_5600,9.860973271413313
TEST_5601,130.26941721299096
TEST_5602,115.14732244058222
TEST_5603,103.63549990508996
TEST_5604,36.559796407274625
TEST_5605,16.91023368459069
TEST_5606,29.35108364873429
TEST_5607,94.24138150166827
TEST_5608,38.57611316705559
TEST_5609,129.8922510613022
TEST_5610,188.6867847030506
TEST_5611,175.28891929067623
TEST_5612,88.15832151051441
TEST_5613,21.54012381393358
TEST_5614,39.11125435899694
TEST_5615,25.07741406412041
TEST_5616,99.34026279143987
TEST_5617,161.5238472371247
TEST_5618,77.24310170113209
TEST_5619,56.69481850830436
TEST_5620,9.552450429398649
TEST_5621,132.4071641599448
TEST_5622,116.97142362872282
TEST_5623,27.433123647214206
TEST_5624,19.83673384246043
TEST_5625,79.86961774983513
TEST_5626,23.01389845590208
TEST_5627,39.29685576923078
TEST_5628,8.591718486829942
TEST_5629,63.91258035733617
TEST_5630,116.37719271640194
TEST_5631,21.02283798967845
TEST_5632,155.30931499342162
TEST_5633,55.83969350876968
TEST_5634,212.46175721130558
TEST_5635,147.05682376032547
TEST_5636,7.916570834415677
TEST_5637,11.455379741905151
TEST_5638,35.39258187972254
TEST_5639,178.43369133807366
TEST_5640,222.36152092352094
TEST_5641,169.71844061744142
TEST_5642,10.803285812226989
TEST_5643,121.8630701655103
TEST_5644,34.16647853942695
TEST_5645,31.397173557651502
TEST_5646,66.27447215170288
TEST_5647,51.43907717938918
TEST_5648,43.47725505156142
TEST_5649,62.3683644129458
TEST_5650,34.76332446174004
TEST_5651,37.313201759129
TEST_5652,130.32901031680305
TEST_5653,198.87977872528802
TEST_5654,48.16212708937817
TEST_5655,105.63006179446248
TEST_5656,182.3246666666667
TEST_5657,52.96061897689513
TEST_5658,211.2890291688054
TEST_5659,102.18964449307151
TEST_5660,11.430847026620425
TEST_5661,13.165410342389023
TEST_5662,193.6805075757576
TEST_5663,82.89785837581789
TEST_5664,160.8059765794361
TEST_5665,163.65872454190963
TEST_5666,37.94182808882294
TEST_5667,3.984074956004167
TEST_5668,106.30303705475633
TEST_5669,28.2513817936299
TEST_5670,41.40107640450047
TEST_5671,102.55060006387937
TEST_5672,66.49176643301098
TEST_5673,83.4863678405898
TEST_5674,101.4867255652309
TEST_5675,183.34421674134452
TEST_5676,125.48445185526764
TEST_5677,151.2156731299745
TEST_5678,126.79099228126682
TEST_5679,161.1330093014351
TEST_5680,154.75897173747992
TEST_5681,18.58472485605743
TEST_5682,183.77834091108886
TEST_5683,145.79360330153133
TEST_5684,79.11204282299335
TEST_5685,117.23215563659186
TEST_5686,193.8074824811712
TEST_5687,34.09724266043705
TEST_5688,182.6975623830914
TEST_5689,49.20548811009253
TEST_5690,151.04074561281016
TEST_5691,146.45854444333335
TEST_5692,60.4866022576878
TEST_5693,25.333575404697577
TEST_5694,144.54164307018792
TEST_5695,75.47777552839356
TEST_5696,167.12754331451092
TEST_5697,126.88357613913865
TEST_5698,97.32195469179383
TEST_5699,11.31209329303525
TEST_5700,12.279469373773445
TEST_5701,84.64181847390505
TEST_5702,20.805239306275517
TEST_5703,17.532204102085494
TEST_5704,176.61759043574173
TEST_5705,123.25249386049964
TEST_5706,2.1449832956135215
TEST_5707,75.16994552746439
TEST_5708,185.38501322608553
TEST_5709,55.16646130318161
TEST_5710,88.36480378521331
TEST_5711,48.82921718214769
TEST_5712,87.25896774476728
TEST_5713,68.24085091676974
TEST_5714,197.08441272004148
TEST_5715,30.62193125237224
TEST_5716,52.67658349552163
TEST_5717,68.02515100237281
TEST_5718,170.99758598035757
TEST_5719,161.52904579802274
TEST_5720,26.15320907371565
TEST_5721,103.82754612969869
TEST_5722,39.26422524853029
TEST_5723,103.38569996580625
TEST_5724,18.73825708036048
TEST_5725,129.69126709616384
TEST_5726,2.1841787952022913
TEST_5727,23.771520040873042
TEST_5728,69.9194321146922
TEST_5729,115.24066296373402
TEST_5730,18.177342512460108
TEST_5731,46.880516422284444
TEST_5732,147.02246912335403
TEST_5733,96.69267309867615
TEST_5734,106.1338918401002
TEST_5735,60.60141969711273
TEST_5736,73.30752529006942
TEST_5737,127.47809612954383
TEST_5738,27.244199619748514
TEST_5739,29.706812507077313
TEST_5740,14.855975741468818
TEST_5741,150.41760827333653
TEST_5742,73.10859253246754
TEST_5743,50.52881118309793
TEST_5744,5.519357517585863
TEST_5745,186.205568424177
TEST_5746,42.656572684668284
TEST_5747,35.77252922096878
TEST_5748,168.19521411565893
TEST_5749,32.82277818233363
TEST_5750,50.96782092954079
TEST_5751,10.419602775875715
TEST_5752,21.740527686028177
TEST_5753,79.26535625937663
TEST_5754,91.06719976409657
TEST_5755,70.56249794494215
TEST_5756,93.98047693453955
TEST_5757,111.51990704387856
TEST_5758,83.473637987013
TEST_5759,138.55006344619568
TEST_5760,17.90714375912615
TEST_5761,118.42949468553127
TEST_5762,255.79058647677576
TEST_5763,68.06284302322915
TEST_5764,65.02220315723761
TEST_5765,28.399672476518766
TEST_5766,2.311557019433889
TEST_5767,104.73855002461369
TEST_5768,115.77226752566264
TEST_5769,205.7282653806255
TEST_5770,126.8004537935183
TEST_5771,29.145849519421926
TEST_5772,46.32666345032849
TEST_5773,161.80086854198203
TEST_5774,152.784749427732
TEST_5775,118.19015504702546
TEST_5776,25.112874620801435
TEST_5777,171.6388752145127
TEST_5778,83.89428639772679
TEST_5779,12.878096827906434
TEST_5780,114.40568536995293
TEST_5781,84.98444471062562
TEST_5782,65.79537065508022
TEST_5783,51.09231178764146
TEST_5784,172.6216949690476
TEST_5785,164.87558583195846
TEST_5786,58.15779900710243
TEST_5787,177.7510777733249
TEST_5788,31.551094053791267
TEST_5789,40.6236288580437
TEST_5790,146.08673721507958
TEST_5791,164.70543845388016
TEST_5792,179.50474452984068
TEST_5793,166.27741057438215
TEST_5794,100.42797896096123
TEST_5795,61.01498514822595
TEST_5796,3.94690057915058
TEST_5797,20.678402512923245
TEST_5798,11.660534306198004
TEST_5799,38.42055102746269
TEST_5800,96.93894051251317
TEST_5801,10.141974570751314
TEST_5802,177.03396282453141
TEST_5803,46.488053025483296
TEST_5804,99.13301233906205
TEST_5805,27.057209757337557
TEST_5806,149.16552946380864
TEST_5807,92.72094599720427
TEST_5808,112.6689554889901
TEST_5809,34.015256220919085
TEST_5810,39.3119485950845
TEST_5811,118.67644348864864
TEST_5812,31.577910859805915
TEST_5813,16.642028770519982
TEST_5814,159.494852022977
TEST_5815,165.37939904864226
TEST_5816,64.90294047072776
TEST_5817,9.74683361221408
TEST_5818,78.99202758103823
TEST_5819,19.345622262541383
TEST_5820,40.83620715557176
TEST_5821,140.80171869817437
TEST_5822,19.128039219653726
TEST_5823,50.19577264811758
TEST_5824,129.21348858027167
TEST_5825,154.82886448572157
TEST_5826,239.5578706709957
TEST_5827,42.18058233193274
TEST_5828,204.58401266474777
TEST_5829,169.17738821023664
TEST_5830,20.19479607896204
TEST_5831,57.89751839149968
TEST_5832,202.65640562799774
TEST_5833,89.83831804978176
TEST_5834,62.2954014960538
TEST_5835,7.754043368890134
TEST_5836,69.40895066511102
TEST_5837,126.54444524998418
TEST_5838,138.51206881110429
TEST_5839,24.988303652444902
TEST_5840,159.4418085952005
TEST_5841,86.88088008242956
TEST_5842,144.8344617685376
TEST_5843,145.0300645410215
TEST_5844,14.86888340751538
TEST_5845,146.43948837986673
TEST_5846,47.69077629309256
TEST_5847,203.95926735649505
TEST_5848,119.61559112587629
TEST_5849,75.52880739267903
TEST_5850,2.8437936049473276
TEST_5851,31.53199505927641
TEST_5852,83.4098001472514
TEST_5853,68.02018539793542
TEST_5854,177.90490733182196
TEST_5855,6.106904940973505
TEST_5856,256.77043055555555
TEST_5857,190.02729653679657
TEST_5858,8.884784585303647
TEST_5859,41.908680913309006
TEST_5860,89.6975401238516
TEST_5861,6.789636026936444
TEST_5862,35.34949073560167
TEST_5863,54.73517607167661
TEST_5864,18.576624260159065
TEST_5865,54.2391592393422
TEST_5866,208.79008129224567
TEST_5867,42.59463754475994
TEST_5868,198.1579470723721
TEST_5869,127.4276898183516
TEST_5870,112.38637516912377
TEST_5871,146.55807666482985
TEST_5872,18.19407865242864
TEST_5873,69.98058756280082
TEST_5874,84.7832043941558
TEST_5875,46.537952887488316
TEST_5876,138.67829901608755
TEST_5877,31.88036842297074
TEST_5878,10.869016363617332
TEST_5879,31.911498563890042
TEST_5880,22.53428596442486
TEST_5881,20.138155704195537
TEST_5882,10.457609410059725
TEST_5883,141.01530436924185
TEST_5884,92.73551369400943
TEST_5885,68.70499535968453
TEST_5886,29.407971939411564
TEST_5887,13.170956991838569
TEST_5888,167.99826737807456
TEST_5889,56.69956974255073
TEST_5890,58.051711926544385
TEST_5891,48.43645984318015
TEST_5892,132.31130705089146
TEST_5893,60.88403543120294
TEST_5894,91.92990754506931
TEST_5895,123.52412228464271
TEST_5896,3.107744153303753
TEST_5897,150.50278857029522
TEST_5898,128.5188860430553
TEST_5899,65.07098888729053
TEST_5900,21.733002404536727
TEST_5901,69.4438742573196
TEST_5902,68.89749318085188
TEST_5903,32.896045983965294
TEST_5904,23.695182352643837
TEST_5905,138.44866076749022
TEST_5906,110.92106248051546
TEST_5907,37.23127697983673
TEST_5908,137.81245637503127
TEST_5909,83.80853401273038
TEST_5910,45.44368700013437
TEST_5911,161.5445008846755
TEST_5912,14.196443678920776
TEST_5913,222.40892572705073
TEST_5914,158.4020764018486
TEST_5915,17.771102334504192
TEST_5916,82.0459071865276
TEST_5917,171.89312894933994
TEST_5918,149.52775867735886
TEST_5919,128.18503542050254
TEST_5920,84.16824698017626
TEST_5921,206.97499138420193
TEST_5922,135.51824610864057
TEST_5923,119.1817926223584
TEST_5924,16.518870822061487
TEST_5925,68.79341820818571
TEST_5926,5.629502344078144
TEST_5927,152.41552120664082
TEST_5928,11.939739573182573
TEST_5929,111.08155328839807
TEST_5930,151.7890263224755
TEST_5931,69.90809408749311
TEST_5932,137.15718419427427
TEST_5933,25.697826035343404
TEST_5934,32.16988611478494
TEST_5935,13.867720119191958
TEST_5936,52.386228232163006
TEST_5937,70.63491687887276
TEST_5938,28.27139274273861
TEST_5939,5.780578974897398
TEST_5940,21.690177314381668
TEST_5941,18.60003363499998
TEST_5942,153.71433301621616
TEST_5943,35.22133408288476
TEST_5944,96.39121298815398
TEST_5945,118.43756863786803
TEST_5946,90.6139138315152
TEST_5947,82.0865936944641
TEST_5948,64.79333623441262
TEST_5949,144.95259240257977
TEST_5950,27.12432129965837
TEST_5951,21.741683910071917
TEST_5952,22.358705329471267
TEST_5953,22.60308800814586
TEST_5954,166.0192763167788
TEST_5955,67.28543827700078
TEST_5956,42.46454132455081
TEST_5957,133.64464725097324
TEST_5958,65.20499757354324
TEST_5959,89.12648361694379
TEST_5960,106.81383908003173
TEST_5961,41.00446553608014
TEST_5962,53.579086482755926
TEST_5963,15.977559296652927
TEST_5964,178.57114956718115
TEST_5965,105.00402603147069
TEST_5966,133.9809368964369
TEST_5967,153.00825684781174
TEST_5968,71.08015687993922
TEST_5969,160.1047403344768
TEST_5970,144.98453196144976
TEST_5971,162.04312136900714
TEST_5972,246.92953935595128
TEST_5973,152.86175299161187
TEST_5974,54.85647277497333
TEST_5975,116.93363099443995
TEST_5976,4.49826442860954
TEST_5977,101.66026234639962
TEST_5978,27.11219902965056
TEST_5979,19.347267707107687
TEST_5980,96.98819634318068
TEST_5981,113.80076892087762
TEST_5982,74.77854008904932
TEST_5983,146.61670415311892
TEST_5984,25.49995361568256
TEST_5985,68.23221006801049
TEST_5986,101.44060039645025
TEST_5987,148.30104466918658
TEST_5988,116.2091231639121
TEST_5989,83.08600377132102
TEST_5990,148.54040823128807
TEST_5991,55.97694862576476
TEST_5992,151.07272759929066
TEST_5993,227.20056885026736
TEST_5994,60.86901919676298
TEST_5995,56.61146211298407
TEST_5996,177.63204677184368
TEST_5997,103.12963878519176
TEST_5998,74.63203962027355
TEST_5999,130.6678363490616
TEST_6000,134.57082620354268
TEST_6001,5.4048023631190825
TEST_6002,136.50152243636995
TEST_6003,7.70160754486292
TEST_6004,194.57287153439512
TEST_6005,100.42311667107043
TEST_6006,16.03834272364813
TEST_6007,13.866841075178693
TEST_6008,85.67251348009148
TEST_6009,48.698155198559604
TEST_6010,124.5401559657776
TEST_6011,134.22486862098046
TEST_6012,70.72742881230752
TEST_6013,97.7728297718567
TEST_6014,29.487530331945194
TEST_6015,12.218993085874427
TEST_6016,64.2678011590563
TEST_6017,63.85737408937757
TEST_6018,208.06791645288828
TEST_6019,52.62876569589992
TEST_6020,82.92180205624878
TEST_6021,59.39040808843933
TEST_6022,9.720495779975385
TEST_6023,161.30749477622396
TEST_6024,181.5532241087914
TEST_6025,175.12792578861604
TEST_6026,19.391909384347752
TEST_6027,9.224143866712142
TEST_6028,28.711568245411776
TEST_6029,124.40491077774885
TEST_6030,33.45727770817011
TEST_6031,116.18040957950238
TEST_6032,38.32635576923077
TEST_6033,121.54674297416204
TEST_6034,21.523889497283193
TEST_6035,73.74932142857142
TEST_6036,144.4155123936662
TEST_6037,23.384577761940676
TEST_6038,104.43515695475645
TEST_6039,19.024262768603943
TEST_6040,73.77147781385281
TEST_6041,106.80524679487178
TEST_6042,65.86958980051811
TEST_6043,100.45563793079327
TEST_6044,32.824516330891335
TEST_6045,26.110906010656013
TEST_6046,85.9233979457505
TEST_6047,35.18374226439881
TEST_6048,18.52566979901437
TEST_6049,42.26379823052377
TEST_6050,65.161961493061
TEST_6051,55.32374146498052
TEST_6052,15.433310802060944
TEST_6053,116.40689623728845
TEST_6054,184.1093735384184
TEST_6055,141.3096380898513
TEST_6056,186.3680660736007
TEST_6057,46.418876114035626
TEST_6058,172.34190872058804
TEST_6059,38.12930490673137
TEST_6060,84.17528370958962
TEST_6061,92.97594380557635
TEST_6062,23.84712183989042
TEST_6063,181.92375122197345
TEST_6064,35.7561412042462
TEST_6065,3.5221228274841887
TEST_6066,69.37590006344419
TEST_6067,41.839044598283834
TEST_6068,28.985861892636944
TEST_6069,57.49444397681437
TEST_6070,59.94405016300613
TEST_6071,46.005041623958675
TEST_6072,56.74180900696871
TEST_6073,216.14499958409885
TEST_6074,88.20937528542203
TEST_6075,95.48832548773535
TEST_6076,18.96490803427055
TEST_6077,35.87325540418024
TEST_6078,158.2055647242508
TEST_6079,68.1244711935267
TEST_6080,39.13854014032008
TEST_6081,32.178867623269554
TEST_6082,87.6290148046398
TEST_6083,149.29650533878655
TEST_6084,129.09221778018622
TEST_6085,32.53314008017062
TEST_6086,116.54153544005344
TEST_6087,167.94170995670996
TEST_6088,12.133665721464563
TEST_6089,76.85963841045225
TEST_6090,149.06803715528602
TEST_6091,184.83265722317535
TEST_6092,57.133786597280896
TEST_6093,146.45925110246503
TEST_6094,10.832052052476307
TEST_6095,116.86539197749839
TEST_6096,124.5384386540405
TEST_6097,62.70739644746609
TEST_6098,122.25011556515464
TEST_6099,8.618153272284323
TEST_6100,122.49393405247851
TEST_6101,61.58706479519417
TEST_6102,3.108742787716157
TEST_6103,115.53683234916427
TEST_6104,173.35729372034132
TEST_6105,154.59562657767069
TEST_6106,28.49172872587781
TEST_6107,171.21477936245043
TEST_6108,158.0962782204346
TEST_6109,37.274975502596405
TEST_6110,8.57552408977705
TEST_6111,11.905335482332852
TEST_6112,150.6398009928029
TEST_6113,113.67134920634919
TEST_6114,166.53626392245812
TEST_6115,72.55660121761773
TEST_6116,138.76352650376438
TEST_6117,9.49294853264144
TEST_6118,209.65164415445668
TEST_6119,75.96099533104216
TEST_6120,96.20793587349429
TEST_6121,31.092995191900627
TEST_6122,51.68202087646654
TEST_6123,11.05965991809907
TEST_6124,22.50674126947827
TEST_6125,67.49816913686821
TEST_6126,198.99485292862897
TEST_6127,168.48856850420825
TEST_6128,8.52422847883403
TEST_6129,102.4707164457919
TEST_6130,40.99134586617113
TEST_6131,25.988505828994512
TEST_6132,133.3519672156086
TEST_6133,64.82437815671601
TEST_6134,29.533429967647884
TEST_6135,115.61554514898822
TEST_6136,51.6729864903615
TEST_6137,68.14087179145528
TEST_6138,46.82031339011866
TEST_6139,21.19358143149563
TEST_6140,12.996757704310731
TEST_6141,14.307749442586399
TEST_6142,43.26835493986111
TEST_6143,20.126973063454066
TEST_6144,158.11874832203495
TEST_6145,151.59735725287766
TEST_6146,42.51059996479336
TEST_6147,45.53506413398693
TEST_6148,10.238252523587526
TEST_6149,160.85525369646692
TEST_6150,110.49948703733973
TEST_6151,178.46221825396827
TEST_6152,134.9927474704325
TEST_6153,61.50971750209337
TEST_6154,84.79517927886813
TEST_6155,28.388460611895376
TEST_6156,209.77620089681278
TEST_6157,68.94645807164783
TEST_6158,168.8922040212165
TEST_6159,144.6870854681935
TEST_6160,63.61364925242888
TEST_6161,75.73006972556357
TEST_6162,113.35685755758061
TEST_6163,80.26313269071795
TEST_6164,88.25952226607824
TEST_6165,86.79380090889502
TEST_6166,8.335697277646734
TEST_6167,38.71040742682943
TEST_6168,51.86355179500205
TEST_6169,172.4806428571429
TEST_6170,67.01492124122107
TEST_6171,145.48063327182516
TEST_6172,84.27571596087749
TEST_6173,43.8214516935282
TEST_6174,108.12217433660322
TEST_6175,62.749825761795194
TEST_6176,112.27323995124829
TEST_6177,80.57929341067931
TEST_6178,75.34267345399698
TEST_6179,29.38607350708634
TEST_6180,76.06743008449835
TEST_6181,161.49402972226662
TEST_6182,107.61410482572983
TEST_6183,99.14699412943739
TEST_6184,30.153106981150103
TEST_6185,59.52103378690078
TEST_6186,22.81767754248887
TEST_6187,148.6799065081443
TEST_6188,89.94321558302805
TEST_6189,68.35582699682891
TEST_6190,136.5855246809642
TEST_6191,36.2937989885547
TEST_6192,27.149119458832406
TEST_6193,16.33013535343636
TEST_6194,149.8988161553217
TEST_6195,50.4177289411977
TEST_6196,13.339364946743522
TEST_6197,13.259980379081478
TEST_6198,69.92276212836082
TEST_6199,41.318963367289086
TEST_6200,59.21932258488161
TEST_6201,201.94219683907846
TEST_6202,59.68000900224181
TEST_6203,61.5099117917901
TEST_6204,31.469648586729974
TEST_6205,64.78671786911599
TEST_6206,91.7600411736697
TEST_6207,227.08928712233353
TEST_6208,52.205029761904754
TEST_6209,25.10057104132622
TEST_6210,90.61681470623
TEST_6211,112.52435977162104
TEST_6212,56.05876411967604
TEST_6213,148.59440936947323
TEST_6214,29.340284899671598
TEST_6215,223.9974677464348
TEST_6216,143.3740154401996
TEST_6217,172.51019233223894
TEST_6218,46.10230993870681
TEST_6219,66.85569701393189
TEST_6220,108.5500599147584
TEST_6221,6.6550182876674775
TEST_6222,5.346425807978764
TEST_6223,71.74494297023784
TEST_6224,168.9554139867497
TEST_6225,86.56403678200881
TEST_6226,131.81032135994602
TEST_6227,79.2893277484139
TEST_6228,109.42398435971191
TEST_6229,18.245664586589847
TEST_6230,35.94839919460571
TEST_6231,174.61487630734206
TEST_6232,67.24799988340791
TEST_6233,12.041917479535277
TEST_6234,170.79149028749032
TEST_6235,70.30209479783656
TEST_6236,80.3137125945619
TEST_6237,181.29928619250006
TEST_6238,110.95538826492138
TEST_6239,116.1047504941427
TEST_6240,73.61546425846541
TEST_6241,195.0080510288323
TEST_6242,216.8846785714286
TEST_6243,144.8262924863916
TEST_6244,49.584153256859764
TEST_6245,20.385175314115134
TEST_6246,162.8504925367235
TEST_6247,21.726463638669035
TEST_6248,201.4464494448247
TEST_6249,58.65286624984314
TEST_6250,143.36352117323787
TEST_6251,61.97188713038745
TEST_6252,245.66326616182505
TEST_6253,80.91954000436118
TEST_6254,174.53656413915525
TEST_6255,61.09646792266938
TEST_6256,74.87503000394116
TEST_6257,69.28983481877599
TEST_6258,6.902632887662379
TEST_6259,9.813785457326814
TEST_6260,16.83032662650082
TEST_6261,31.559859467098676
TEST_6262,148.03149444028182
TEST_6263,93.52990114285764
TEST_6264,157.03072950457792
TEST_6265,125.54983283809142
TEST_6266,182.5206590909091
TEST_6267,17.444700153600575
TEST_6268,27.163068234151428
TEST_6269,149.26696266921263
TEST_6270,63.96580896182326
TEST_6271,55.74254942422774
TEST_6272,10.68365558782984
TEST_6273,130.07538854464298
TEST_6274,191.45621051854053
TEST_6275,202.8033497354095
TEST_6276,54.41009861663091
TEST_6277,71.57008568974445
TEST_6278,181.15617465537872
TEST_6279,113.8689956691581
TEST_6280,84.42361356889893
TEST_6281,103.23832301574555
TEST_6282,76.3274857842462
TEST_6283,35.981937722739524
TEST_6284,54.402205553045704
TEST_6285,7.614918571377513
TEST_6286,171.35049275626002
TEST_6287,7.243906580505763
TEST_6288,108.09254772255896
TEST_6289,8.03169384243916
TEST_6290,84.49776936758649
TEST_6291,11.029951053881478
TEST_6292,157.59844336478318
TEST_6293,132.04341865079365
TEST_6294,160.56930944029293
TEST_6295,78.73192965367963
TEST_6296,41.072458989447405
TEST_6297,40.745432169047284
TEST_6298,211.49623951048954
TEST_6299,88.88586320742893
TEST_6300,172.01049998431526
TEST_6301,42.5326832758455
TEST_6302,71.07224506728697
TEST_6303,43.195468563061915
TEST_6304,95.26816555825495
TEST_6305,2.740045281270403
TEST_6306,147.79530023274768
TEST_6307,25.6797914111309
TEST_6308,132.05838149869754
TEST_6309,57.726792010073275
TEST_6310,35.431086464757186
TEST_6311,68.28562730951684
TEST_6312,88.23769490846897
TEST_6313,237.19242876323023
TEST_6314,62.40672790267594
TEST_6315,6.780901392825932
TEST_6316,72.67815440867567
TEST_6317,37.99851758608805
TEST_6318,28.36726146898083
TEST_6319,119.34613494838496
TEST_6320,14.803323146047113
TEST_6321,21.002341570921192
TEST_6322,32.33432191122729
TEST_6323,151.81353407535306
TEST_6324,98.88280401786324
TEST_6325,99.43237192817988
TEST_6326,42.29253678746191
TEST_6327,137.10899421024203
TEST_6328,29.122165366603596
TEST_6329,59.60823399976402
TEST_6330,176.80478571428574
TEST_6331,28.468365545835397
TEST_6332,90.28326519273374
TEST_6333,109.43471001478571
TEST_6334,197.96603922466423
TEST_6335,144.06235368134864
TEST_6336,51.21547376675862
TEST_6337,37.228760449021
TEST_6338,100.74293230173453
TEST_6339,78.03378945781988
TEST_6340,160.50968929246648
TEST_6341,43.93216078658183
TEST_6342,15.000486514335934
TEST_6343,80.00360262117846
TEST_6344,152.87763615739325
TEST_6345,25.12396688034937
TEST_6346,92.86135256990362
TEST_6347,50.32516752902302
TEST_6348,64.76848938820973
TEST_6349,16.259420622001926
TEST_6350,151.00239419424426
TEST_6351,102.5456756993007
TEST_6352,73.18972888131286
TEST_6353,20.98376603134926
TEST_6354,172.43212066877237
TEST_6355,86.23013044986041
TEST_6356,65.22064983627483
TEST_6357,58.00372044128485
TEST_6358,13.35796788207156
TEST_6359,115.04899016955264
TEST_6360,143.84235756526002
TEST_6361,37.457922683869285
TEST_6362,68.59836005279345
TEST_6363,43.81160006534742
TEST_6364,140.93678400414865
TEST_6365,3.958781531531532
TEST_6366,182.86887165666226
TEST_6367,117.09096911974606
TEST_6368,69.73836808688407
TEST_6369,96.37209174878302
TEST_6370,31.282001542098456
TEST_6371,34.9322075895518
TEST_6372,99.20096185305047
TEST_6373,125.98338288383962
TEST_6374,12.869156303449808
TEST_6375,15.044023688502024
TEST_6376,194.97070963278068
TEST_6377,120.15886486685895
TEST_6378,21.0400087688023
TEST_6379,149.21432015244395
TEST_6380,213.77051026342946
TEST_6381,11.29485177186844
TEST_6382,122.67596489098352
TEST_6383,149.93245532158576
TEST_6384,79.94549045392898
TEST_6385,39.90611466782962
TEST_6386,116.80122433122432
TEST_6387,157.40637349576122
TEST_6388,30.6451600301436
TEST_6389,7.035935093479521
TEST_6390,49.12296588913214
TEST_6391,92.60196096256273
TEST_6392,132.63362237073525
TEST_6393,61.917398916548336
TEST_6394,167.46915298501997
TEST_6395,69.66335366185812
TEST_6396,132.40617558180142
TEST_6397,44.43518660477327
TEST_6398,33.98796761678219
TEST_6399,150.05803042205022
TEST_6400,220.13070292207786
TEST_6401,179.80323004739265
TEST_6402,69.04907006048435
TEST_6403,66.17781200915097
TEST_6404,142.83769921854088
TEST_6405,51.747932853378536
TEST_6406,36.416369707980614
TEST_6407,61.14614595115145
TEST_6408,68.97153332752556
TEST_6409,143.43315180930594
TEST_6410,26.082294943360726
TEST_6411,91.16233465940849
TEST_6412,133.17164592352094
TEST_6413,87.30808493537772
TEST_6414,51.29032727629305
TEST_6415,79.05487133323687
TEST_6416,12.224017538171363
TEST_6417,186.34179458602677
TEST_6418,87.62212164687163
TEST_6419,196.50071617965364
TEST_6420,148.37104857476538
TEST_6421,111.26715418965198
TEST_6422,33.696900982247286
TEST_6423,13.678003478118026
TEST_6424,28.23393479360131
TEST_6425,77.82836963091474
TEST_6426,33.90432464541001
TEST_6427,77.39731133868669
TEST_6428,93.17203028426326
TEST_6429,63.6041214569129
TEST_6430,95.86058538863024
TEST_6431,53.38186496126342
TEST_6432,2.8141584256413017
TEST_6433,166.71134768009767
TEST_6434,20.76467843144916
TEST_6435,91.05851603418701
TEST_6436,25.884850836952992
TEST_6437,130.4069837877295
TEST_6438,137.48057412263879
TEST_6439,36.93780555343349
TEST_6440,47.6463810459956
TEST_6441,118.84083680206379
TEST_6442,80.58300098276933
TEST_6443,179.49345379291276
TEST_6444,198.57467628066377
TEST_6445,141.72037326153378
TEST_6446,17.971040253047605
TEST_6447,15.547050780282792
TEST_6448,53.38323833469053
TEST_6449,3.183533307387245
TEST_6450,20.44911812353433
TEST_6451,25.626241752610127
TEST_6452,40.3907005507017
TEST_6453,76.59931874558191
TEST_6454,71.46275262579225
TEST_6455,39.48806616036184
TEST_6456,47.05505398767898
TEST_6457,176.6375137362637
TEST_6458,55.872791921955155
TEST_6459,98.38573270024555
TEST_6460,80.39842595951497
TEST_6461,6.930623376433848
TEST_6462,51.23074880497106
TEST_6463,29.22260370393937
TEST_6464,75.96571909186667
TEST_6465,85.03318680396886
TEST_6466,52.83244268082528
TEST_6467,18.01973516309696
TEST_6468,23.428780558937415
TEST_6469,62.87155034635517
TEST_6470,183.2226261185795
TEST_6471,6.930894126460529
TEST_6472,82.3850416666667
TEST_6473,65.8237665163354
TEST_6474,3.9323362934362938
TEST_6475,144.1019654671502
TEST_6476,139.11049849901798
TEST_6477,65.95587530178155
TEST_6478,26.189271997897734
TEST_6479,148.3761200026483
TEST_6480,23.16186857613778
TEST_6481,63.50187432890528
TEST_6482,39.537182522226296
TEST_6483,117.4700686300476
TEST_6484,90.33342203824196
TEST_6485,24.131691112254106
TEST_6486,248.85194956140356
TEST_6487,31.929208597652703
TEST_6488,48.14242618492619
TEST_6489,115.8029425690796
TEST_6490,96.06018254722332
TEST_6491,19.467863004027734
TEST_6492,87.1998679299648
TEST_6493,89.1081506092874
TEST_6494,37.74557808882294
TEST_6495,8.302048205692984
TEST_6496,16.714851389523663
TEST_6497,65.52477943292088
TEST_6498,108.26926321841263
TEST_6499,190.69144337522854
TEST_6500,205.73744803442173
TEST_6501,95.50030502832644
TEST_6502,44.78250527856555
TEST_6503,12.663208068094344
TEST_6504,45.306775868415286
TEST_6505,42.248372138896414
TEST_6506,74.5468741273061
TEST_6507,227.29044239094242
TEST_6508,56.45211275274433
TEST_6509,39.670281127129535
TEST_6510,130.86100905813194
TEST_6511,101.28032223590121
TEST_6512,20.688137637311705
TEST_6513,102.97688253214962
TEST_6514,36.33397274351974
TEST_6515,11.701174112080185
TEST_6516,161.59432518665974
TEST_6517,58.653503208413255
TEST_6518,67.22403187429617
TEST_6519,95.4045385035662
TEST_6520,152.03646778250467
TEST_6521,215.0144793082734
TEST_6522,157.84493771267546
TEST_6523,17.090834061509025
TEST_6524,98.58415059809074
TEST_6525,22.964578137140638
TEST_6526,72.90379663555396
TEST_6527,147.63776646902647
TEST_6528,22.887618556490416
TEST_6529,95.17348624455892
TEST_6530,11.370771745527756
TEST_6531,214.69571665428694
TEST_6532,11.025972748999012
TEST_6533,1.7856885936345421
TEST_6534,33.001967876008
TEST_6535,106.7209952849675
TEST_6536,161.41438779714434
TEST_6537,66.49448905261406
TEST_6538,160.92393471592482
TEST_6539,137.36286126428655
TEST_6540,78.94607456076429
TEST_6541,11.39109397740105
TEST_6542,64.05845068074396
TEST_6543,41.00593901759209
TEST_6544,102.51656409470354
TEST_6545,112.76538000507888
TEST_6546,32.7047474162778
TEST_6547,219.82173794845497
TEST_6548,17.862986989098076
TEST_6549,123.38840722342142
TEST_6550,209.9537698048426
TEST_6551,86.53958220245914
TEST_6552,103.6226053321093
TEST_6553,57.053081990068264
TEST_6554,75.91470828122807
TEST_6555,33.09105430910616
TEST_6556,86.58084826203209
TEST_6557,154.7603130509979
TEST_6558,125.92321213973577
TEST_6559,81.7653371733907
TEST_6560,23.053262936764895
TEST_6561,42.90103925065303
TEST_6562,32.37976660449687
TEST_6563,27.495319609766426
TEST_6564,172.3697334859802
TEST_6565,129.8919991436594
TEST_6566,44.98573355098357
TEST_6567,161.44460320192735
TEST_6568,201.8228664461016
TEST_6569,4.517529761904762
TEST_6570,9.888100433655039
TEST_6571,196.47655904333575
TEST_6572,24.153082529888408
TEST_6573,39.16598359787992
TEST_6574,42.85800540801217
TEST_6575,134.20373593073592
TEST_6576,123.11547202348163
TEST_6577,26.634755209433866
TEST_6578,50.615716644489595
TEST_6579,74.984744881589
TEST_6580,20.412568380754234
TEST_6581,85.72587011535167
TEST_6582,15.186726547447297
TEST_6583,39.33121882956884
TEST_6584,62.38121917494752
TEST_6585,104.31601114223564
TEST_6586,64.75484595904827
TEST_6587,156.84666784718252
TEST_6588,154.57347341808435
TEST_6589,30.049665369885165
TEST_6590,5.090837606837607
TEST_6591,111.3998196667177
TEST_6592,71.3556839560854
TEST_6593,109.1834067185546
TEST_6594,19.687917010776147
TEST_6595,177.214707718844
TEST_6596,20.18314473550465
TEST_6597,28.53679365079365
TEST_6598,22.173544706703705
TEST_6599,16.76221268381051
TEST_6600,127.87915271486123
TEST_6601,13.740965143652643
TEST_6602,11.763116229580818
TEST_6603,12.12307627954006
TEST_6604,142.70187895067215
TEST_6605,77.12459978985017
TEST_6606,19.114876405109545
TEST_6607,161.0834348330248
TEST_6608,151.8974558877426
TEST_6609,98.74396739279977
TEST_6610,24.607830726585643
TEST_6611,35.94731526512749
TEST_6612,41.9782466563729
TEST_6613,27.920446776515313
TEST_6614,37.51778001002267
TEST_6615,29.05429901131146
TEST_6616,43.334645281209305
TEST_6617,13.861451146019954
TEST_6618,144.76574439731522
TEST_6619,49.325650343177074
TEST_6620,231.1084265873016
TEST_6621,30.24559807854479
TEST_6622,193.58485900259583
TEST_6623,37.844890037258914
TEST_6624,178.56900386118653
TEST_6625,208.57734505772004
TEST_6626,109.54987367863258
TEST_6627,27.085982919683133
TEST_6628,73.26448290619075
TEST_6629,44.43130933274243
TEST_6630,26.20520716056819
TEST_6631,130.46722716131902
TEST_6632,73.5092427980674
TEST_6633,204.71880047880862
TEST_6634,4.681721441870431
TEST_6635,134.3122451888927
TEST_6636,13.296352981161471
TEST_6637,37.056223686969474
TEST_6638,38.882768046989746
TEST_6639,46.817927840531326
TEST_6640,172.75601916453053
TEST_6641,208.75807472825142
TEST_6642,202.60179589051296
TEST_6643,49.289103078457494
TEST_6644,2.961313575056583
TEST_6645,77.11118419929826
TEST_6646,44.350846166919766
TEST_6647,168.2722872527799
TEST_6648,13.954153751064895
TEST_6649,91.25213677988678
TEST_6650,212.9768881735795
TEST_6651,4.266904761904762
TEST_6652,122.32667643637298
TEST_6653,101.6843566185018
TEST_6654,187.6477472136652
TEST_6655,48.09855603494349
TEST_6656,116.87254552470873
TEST_6657,165.1932667565416
TEST_6658,155.2107678016832
TEST_6659,95.65530892326271
TEST_6660,93.50268488959483
TEST_6661,8.6739550185959
TEST_6662,55.20590528729228
TEST_6663,173.95940024473023
TEST_6664,206.2245281581164
TEST_6665,61.64678023712398
TEST_6666,64.71251623376624
TEST_6667,44.1880054255198
TEST_6668,119.923064887814
TEST_6669,77.54155317414353
TEST_6670,98.09913816062846
TEST_6671,127.94986173620178
TEST_6672,172.9001614130606
TEST_6673,68.43549379723412
TEST_6674,49.99524484038192
TEST_6675,180.88862562205097
TEST_6676,85.42016292758387
TEST_6677,169.94582667871967
TEST_6678,159.7954506590361
TEST_6679,58.18819926940862
TEST_6680,115.93212506955074
TEST_6681,59.18242175202333
TEST_6682,170.09833617197145
TEST_6683,53.89268580039064
TEST_6684,108.8568207187907
TEST_6685,28.712047336244478
TEST_6686,8.174737565850005
TEST_6687,98.94321953046952
TEST_6688,39.7806958221517
TEST_6689,11.047448971296529
TEST_6690,75.2644496285958
TEST_6691,97.96867906109159
TEST_6692,56.0819766806218
TEST_6693,125.89813464959312
TEST_6694,90.8038134311998
TEST_6695,83.39238385014741
TEST_6696,5.6848312515260515
TEST_6697,18.799412746073532
TEST_6698,121.96304553310907
TEST_6699,30.437643675139217
TEST_6700,143.40541565073576
TEST_6701,48.65627081453209
TEST_6702,158.2613930914062
TEST_6703,86.77745285603213
TEST_6704,116.48760383121797
TEST_6705,15.510549720993744
TEST_6706,106.29671527777778
TEST_6707,27.33978125696193
TEST_6708,12.904030251343686
TEST_6709,172.42443091329332
TEST_6710,150.38023778562285
TEST_6711,110.01135283032234
TEST_6712,161.07538590285077
TEST_6713,19.781078777130084
TEST_6714,80.80972538438263
TEST_6715,53.23915010932991
TEST_6716,4.1631862934362935
TEST_6717,41.3023386656779
TEST_6718,51.25213704542827
TEST_6719,24.26903660470259
TEST_6720,175.74538463614854
TEST_6721,41.77575411255103
TEST_6722,2.881984593837535
TEST_6723,106.34194006990269
TEST_6724,85.13024494189999
TEST_6725,127.76640477334416
TEST_6726,96.97196868466064
TEST_6727,6.34407759555006
TEST_6728,202.55144491619492
TEST_6729,18.780547083744143
TEST_6730,189.5078851178061
TEST_6731,28.93484763831037
TEST_6732,65.32732509892011
TEST_6733,69.88060630061554
TEST_6734,82.18716404483315
TEST_6735,30.273929149353066
TEST_6736,48.69769216486128
TEST_6737,7.064696401698319
TEST_6738,59.40451939033189
TEST_6739,7.727789720585036
TEST_6740,3.4573684210526316
TEST_6741,89.98287114991132
TEST_6742,117.46531461127816
TEST_6743,33.07546408824797
TEST_6744,140.6285430302386
TEST_6745,44.1646781354513
TEST_6746,30.439850991399908
TEST_6747,165.55362787728635
TEST_6748,150.66364597091052
TEST_6749,124.84314512986685
TEST_6750,57.10027613585905
TEST_6751,110.6995409914835
TEST_6752,16.17037995371615
TEST_6753,2.6825102176673723
TEST_6754,18.022214544023313
TEST_6755,7.504348781528426
TEST_6756,80.13607505403093
TEST_6757,123.3986874908748
TEST_6758,85.88991291198874
TEST_6759,80.50125395162719
TEST_6760,18.89068928199192
TEST_6761,151.8336786112196
TEST_6762,155.7574675174205
TEST_6763,12.161836303794013
TEST_6764,132.0174529805039
TEST_6765,59.80201989081687
TEST_6766,121.70298755900963
TEST_6767,13.332686549422998
TEST_6768,96.6478067124045
TEST_6769,185.29638909176845
TEST_6770,114.14254576755339
TEST_6771,147.7208518068818
TEST_6772,28.090524807325654
TEST_6773,184.48028753141344
TEST_6774,164.37714941149758
TEST_6775,41.91941016745282
TEST_6776,24.195440410247453
TEST_6777,28.915646708244385
TEST_6778,92.25079661876663
TEST_6779,65.8404153193298
TEST_6780,106.02028155816781
TEST_6781,196.3748452858299
TEST_6782,181.0464282566958
TEST_6783,211.41897916666665
TEST_6784,110.30477882629825
TEST_6785,139.71104545927903
TEST_6786,126.40194698101608
TEST_6787,40.65833603896104
TEST_6788,68.37480896612372
TEST_6789,92.58416996349062
TEST_6790,157.1814039347046
TEST_6791,7.619519265821957
TEST_6792,11.182715854404906
TEST_6793,64.81344713101244
TEST_6794,118.46681862787798
TEST_6795,90.57245500236976
TEST_6796,48.02342034732881
TEST_6797,19.437913874947505
TEST_6798,53.82349772612613
TEST_6799,23.75314677813584
TEST_6800,140.48488469286528
TEST_6801,176.60572008955512
TEST_6802,91.42226032073519
TEST_6803,148.76330800420845
TEST_6804,81.22791076497461
TEST_6805,42.3939937430961
TEST_6806,13.080417849107716
TEST_6807,148.0039140065455
TEST_6808,25.46696752395995
TEST_6809,54.2440577976744
TEST_6810,87.14506233466905
TEST_6811,27.410604614510227
TEST_6812,131.03195974950142
TEST_6813,86.55609979052944
TEST_6814,189.5050567332993
TEST_6815,65.47197580840054
TEST_6816,15.89010988914982
TEST_6817,186.60430996781
TEST_6818,84.61446041476066
TEST_6819,107.70612754741362
TEST_6820,81.2489320140683
TEST_6821,52.016050624496664
TEST_6822,68.90948502250632
TEST_6823,29.99861744089244
TEST_6824,67.27042446524064
TEST_6825,144.16819462934728
TEST_6826,82.7475462470041
TEST_6827,19.96227909142767
TEST_6828,6.713639799744424
TEST_6829,197.14989127989446
TEST_6830,211.86290241702744
TEST_6831,21.962262866064815
TEST_6832,21.94460245192918
TEST_6833,111.55647607729958
TEST_6834,9.954817785744012
TEST_6835,207.01618523351007
TEST_6836,193.5496145482818
TEST_6837,155.8371198148277
TEST_6838,66.7036129026527
TEST_6839,75.69790849930973
TEST_6840,100.0009493089028
TEST_6841,114.90272321696808
TEST_6842,97.2037177996665
TEST_6843,62.461317536823344
TEST_6844,206.56260529748033
TEST_6845,55.25612500752173
TEST_6846,106.26040696078536
TEST_6847,92.65334823657139
TEST_6848,30.332510461760464
TEST_6849,37.71142488099132
TEST_6850,9.310133784260268
TEST_6851,196.25207792360297
TEST_6852,189.7638948459393
TEST_6853,50.05309640029307
TEST_6854,184.66605807937762
TEST_6855,112.8134205939591
TEST_6856,75.98868596681098
TEST_6857,3.4549103840179627
TEST_6858,136.42593657034112
TEST_6859,82.3088283954262
TEST_6860,200.0297793040293
TEST_6861,133.40762174101968
TEST_6862,16.347326613736968
TEST_6863,87.98865439054411
TEST_6864,9.714873697776271
TEST_6865,92.17857347655665
TEST_6866,24.33989336525966
TEST_6867,41.01143311944047
TEST_6868,54.53634351464875
TEST_6869,9.451072370041881
TEST_6870,37.74772904256123
TEST_6871,58.95189503552004
TEST_6872,45.76808636879553
TEST_6873,52.51611043455389
TEST_6874,119.98479917367852
TEST_6875,44.378490215126256
TEST_6876,162.3678696391902
TEST_6877,11.252047669961257
TEST_6878,151.84336173648103
TEST_6879,76.39486739778141
TEST_6880,86.6353472935241
TEST_6881,110.98779241860186
TEST_6882,90.71842960355583
TEST_6883,103.3783938799132
TEST_6884,13.438684851401824
TEST_6885,9.858217585943486
TEST_6886,188.16103220945635
TEST_6887,93.258566818575
TEST_6888,52.341761542977544
TEST_6889,133.39528788559656
TEST_6890,35.773614325554874
TEST_6891,111.33933148276142
TEST_6892,67.5133305877399
TEST_6893,155.46754409677942
TEST_6894,63.100658921015345
TEST_6895,220.5587443836357
TEST_6896,11.20127459132117
TEST_6897,66.74974925741472
TEST_6898,159.0812014734556
TEST_6899,87.75438587885043
TEST_6900,21.797605671934786
TEST_6901,67.0317536890497
TEST_6902,97.82053883586389
TEST_6903,111.14790985412479
TEST_6904,118.20833612366913
TEST_6905,6.180014209655153
TEST_6906,50.48279087165844
TEST_6907,72.79048491949227
TEST_6908,166.57903783235196
TEST_6909,9.150943091232126
TEST_6910,78.69874365127087
TEST_6911,15.26227111823054
TEST_6912,49.33457738217665
TEST_6913,175.62034004514
TEST_6914,109.03856723319747
TEST_6915,37.711886728797836
TEST_6916,49.88301723181799
TEST_6917,52.68225437293936
TEST_6918,13.797631122252872
TEST_6919,79.23381935311026
TEST_6920,18.43228400319151
TEST_6921,48.91218556848335
TEST_6922,13.278748060201838
TEST_6923,85.04252620771044
TEST_6924,20.413638482921037
TEST_6925,48.019445970221824
TEST_6926,39.43090172126636
TEST_6927,18.851892901278497
TEST_6928,154.8012880144211
TEST_6929,34.839338636800115
TEST_6930,153.50234971564385
TEST_6931,45.43863876513065
TEST_6932,132.3443581255131
TEST_6933,11.58146497107348
TEST_6934,42.68820545186317
TEST_6935,121.39192808945441
TEST_6936,130.23651463095868
TEST_6937,8.020178166371041
TEST_6938,5.927003966881167
TEST_6939,47.34478588575391
TEST_6940,23.45530305277082
TEST_6941,14.099349084616021
TEST_6942,91.92589077910344
TEST_6943,20.993576419622173
TEST_6944,171.0506084192666
TEST_6945,247.66272984205335
TEST_6946,2.830207899713924
TEST_6947,79.40516044216427
TEST_6948,83.90971982321942
TEST_6949,203.14237143911015
TEST_6950,40.29736273618752
TEST_6951,7.722501194734361
TEST_6952,92.53083630258628
TEST_6953,34.04464279077833
TEST_6954,24.543976954550246
TEST_6955,13.018428339231363
TEST_6956,12.211622776563722
TEST_6957,44.82369461024093
TEST_6958,138.91731329795155
TEST_6959,34.71131614901759
TEST_6960,142.2668082660524
TEST_6961,134.97143134349668
TEST_6962,56.34435648608419
TEST_6963,138.45275850307675
TEST_6964,74.08693798346373
TEST_6965,173.949407649426
TEST_6966,143.10487416984935
TEST_6967,134.42350111571434
TEST_6968,55.61009937489898
TEST_6969,77.38996569883864
TEST_6970,2.4948544917967186
TEST_6971,7.03863777286171
TEST_6972,204.31727962784666
TEST_6973,63.77061137460898
TEST_6974,38.7400376771649
TEST_6975,98.29400692378553
TEST_6976,110.12682387077751
TEST_6977,120.95215995838886
TEST_6978,26.304288528873556
TEST_6979,165.9127848600202
TEST_6980,64.94002020871207
TEST_6981,3.056562311716249
TEST_6982,15.759710081585084
TEST_6983,101.91203318291025
TEST_6984,158.95714609418775
TEST_6985,55.28080940365129
TEST_6986,23.21752275172714
TEST_6987,93.11927070763102
TEST_6988,147.26291430191205
TEST_6989,145.99236055590822
TEST_6990,114.76738397550163
TEST_6991,130.43676847669536
TEST_6992,47.14300416997718
TEST_6993,167.76744267013845
TEST_6994,212.56778246278571
TEST_6995,20.291951736390516
TEST_6996,122.2423329559842
TEST_6997,23.296824990189993
TEST_6998,104.89922561046511
TEST_6999,6.30421579781319
TEST_7000,134.62843187939512
TEST_7001,185.38764476452056
TEST_7002,201.80839199860094
TEST_7003,76.45691319131754
TEST_7004,19.85114852500011
TEST_7005,15.815835316839257
TEST_7006,146.99248660490102
TEST_7007,59.98711507854655
TEST_7008,86.8025727535241
TEST_7009,77.64965843470254
TEST_7010,171.98750713228418
TEST_7011,134.09375165997147
TEST_7012,192.00690694953195
TEST_7013,179.79074745809663
TEST_7014,3.4919076096092887
TEST_7015,141.5521577494128
TEST_7016,68.45735527762344
TEST_7017,200.26473459010595
TEST_7018,68.18878750641908
TEST_7019,161.26164036956715
TEST_7020,56.32707554991835
TEST_7021,44.844604645762736
TEST_7022,178.46231504821432
TEST_7023,98.27742002204401
TEST_7024,71.5870487012987
TEST_7025,76.28400826191447
TEST_7026,16.559914619178972
TEST_7027,133.1098361718691
TEST_7028,156.45551770472167
TEST_7029,96.9054672683591
TEST_7030,13.105759756347025
TEST_7031,88.60553708729111
TEST_7032,130.43840543001977
TEST_7033,192.23317956349206
TEST_7034,14.116330295113388
TEST_7035,156.3929882369863
TEST_7036,133.1013052478567
TEST_7037,142.22151902145822
TEST_7038,71.23401822228786
TEST_7039,56.948026338450546
TEST_7040,6.855785498799365
TEST_7041,8.108210632771831
TEST_7042,5.788911056253546
TEST_7043,100.08005116393612
TEST_7044,88.19576095289688
TEST_7045,29.420776726893447
TEST_7046,133.6004046010254
TEST_7047,59.100978400452156
TEST_7048,113.24780829355639
TEST_7049,52.63560097950607
TEST_7050,109.21489277010045
TEST_7051,9.693579643960112
TEST_7052,23.62632786304398
TEST_7053,53.615218825221845
TEST_7054,155.98807839230062
TEST_7055,42.69482453254671
TEST_7056,88.82882711384077
TEST_7057,105.01913583495825
TEST_7058,104.19726983444963
TEST_7059,114.58586747540554
TEST_7060,111.52544709655992
TEST_7061,22.29096486536488
TEST_7062,133.56498739783484
TEST_7063,56.043628245178176
TEST_7064,36.738682487790854
TEST_7065,103.85965573315575
TEST_7066,92.0159300181628
TEST_7067,52.31446525042633
TEST_7068,151.967440081252
TEST_7069,33.36531497056865
TEST_7070,22.45266675205962
TEST_7071,145.0048966503553
TEST_7072,102.93208212940304
TEST_7073,155.3627219258742
TEST_7074,174.85439914179392
TEST_7075,257.83997824105717
TEST_7076,74.0691635195915
TEST_7077,11.964898195074666
TEST_7078,29.71746509553239
TEST_7079,5.670159626966378
TEST_7080,12.326794363829352
TEST_7081,130.1403309208091
TEST_7082,20.984251081559954
TEST_7083,58.76388175976827
TEST_7084,24.451767050982635
TEST_7085,33.32649237555124
TEST_7086,134.30463236272047
TEST_7087,5.423972910956807
TEST_7088,74.80234262029363
TEST_7089,129.184678030303
TEST_7090,67.38492931117679
TEST_7091,13.748971373308395
TEST_7092,12.48995491822992
TEST_7093,231.468089812539
TEST_7094,81.44518043353705
TEST_7095,60.68050189458028
TEST_7096,133.35294282663116
TEST_7097,160.09839745552193
TEST_7098,188.85140311965202
TEST_7099,107.36850421896953
TEST_7100,84.52787078770903
TEST_7101,21.011913275603106
TEST_7102,104.30698595909838
TEST_7103,75.37995662743691
TEST_7104,117.79829336708298
TEST_7105,201.32977136752143
TEST_7106,24.39974058638061
TEST_7107,105.03963259550738
TEST_7108,47.084121308218826
TEST_7109,94.25700178216795
TEST_7110,137.44176201533247
TEST_7111,114.02214701776737
TEST_7112,29.611129668461476
TEST_7113,116.04253448370564
TEST_7114,17.16680253356858
TEST_7115,8.366210585363186
TEST_7116,191.59467732267728
TEST_7117,58.474394351551766
TEST_7118,129.68711674155426
TEST_7119,188.4992984588512
TEST_7120,12.437131115292306
TEST_7121,5.871999645702136
TEST_7122,108.62792349337568
TEST_7123,60.72088211232728
TEST_7124,52.557021836720736
TEST_7125,8.840655506447156
TEST_7126,107.74755697939364
TEST_7127,12.832391597797146
TEST_7128,8.601652995499675
TEST_7129,16.397886783886047
TEST_7130,20.35705944855375
TEST_7131,87.57264198864617
TEST_7132,3.7290982203295524
TEST_7133,26.33701621540224
TEST_7134,109.64349191802854
TEST_7135,111.50160155625893
TEST_7136,165.7213769496606
TEST_7137,114.31734435931133
TEST_7138,161.86393963734324
TEST_7139,140.75749221789133
TEST_7140,12.326321093258588
TEST_7141,168.6087998293695
TEST_7142,45.77718441486718
TEST_7143,103.76528163901101
TEST_7144,73.89599302674942
TEST_7145,97.25167493583416
TEST_7146,182.85267969396654
TEST_7147,86.18499087024085
TEST_7148,3.700007722007722
TEST_7149,172.2095214674468
TEST_7150,16.308731209150327
TEST_7151,130.1108832076615
TEST_7152,49.83054112554113
TEST_7153,34.4614211293429
TEST_7154,54.571713658255966
TEST_7155,152.6869872155683
TEST_7156,103.49012771704953
TEST_7157,71.02783014922531
TEST_7158,66.96920138026218
TEST_7159,75.64405432920341
TEST_7160,41.903857135313395
TEST_7161,63.71832929490101
TEST_7162,75.91651623019489
TEST_7163,195.23014069617741
TEST_7164,12.416740840805524
TEST_7165,19.639343868721586
TEST_7166,118.82344322344325
TEST_7167,24.02266409534671
TEST_7168,154.0398704885754
TEST_7169,117.82774547674548
TEST_7170,130.88093919520026
TEST_7171,4.710956197433842
TEST_7172,130.2595772645697
TEST_7173,10.566934532892576
TEST_7174,48.82757840909092
TEST_7175,47.09767043499801
TEST_7176,193.22568286814666
TEST_7177,130.96213005046326
TEST_7178,10.97856024977817
TEST_7179,4.341079150579151
TEST_7180,184.03602672401703
TEST_7181,33.25118675449302
TEST_7182,92.19502574974045
TEST_7183,96.108725557629
TEST_7184,148.4895744826922
TEST_7185,79.00543714432864
TEST_7186,9.285878672909854
TEST_7187,61.00077810806478
TEST_7188,13.644638653777521
TEST_7189,237.50453679653677
TEST_7190,161.08794742780057
TEST_7191,26.05351992080827
TEST_7192,85.29341155834904
TEST_7193,123.8303631993007
TEST_7194,48.49792339367503
TEST_7195,6.350238618239871
TEST_7196,101.80284203906083
TEST_7197,172.53402228421837
TEST_7198,73.57763028769476
TEST_7199,138.70858995192503
TEST_7200,45.942799622991394
TEST_7201,18.567343492398482
TEST_7202,43.99749022486009
TEST_7203,76.18065566884218
TEST_7204,99.49066666666666
TEST_7205,21.060796356848176
TEST_7206,83.44272849812315
TEST_7207,193.9370526092039
TEST_7208,28.52876893832191
TEST_7209,66.59870272397298
TEST_7210,164.79694539901564
TEST_7211,155.18533107438884
TEST_7212,202.38065110884565
TEST_7213,184.67951116019344
TEST_7214,42.633175076265836
TEST_7215,39.30930978872664
TEST_7216,59.082760686130456
TEST_7217,12.007670197758184
TEST_7218,46.67814706505623
TEST_7219,7.79259213679883
TEST_7220,48.207991071428566
TEST_7221,165.35293904071915
TEST_7222,68.25861172170147
TEST_7223,46.628524025596
TEST_7224,4.4059656877189175
TEST_7225,187.9241358086199
TEST_7226,57.0670934909794
TEST_7227,183.03460655716498
TEST_7228,85.52397099537889
TEST_7229,40.48237636540603
TEST_7230,6.491205611272247
TEST_7231,10.39769329477349
TEST_7232,65.31936314140948
TEST_7233,11.885227050727051
TEST_7234,134.61935376469077
TEST_7235,59.96110300133088
TEST_7236,222.34381259199742
TEST_7237,10.508050442510273
TEST_7238,107.17458463030756
TEST_7239,212.99149644720646
TEST_7240,103.19176073921147
TEST_7241,73.92359807088212
TEST_7242,110.45556864644058
TEST_7243,34.66340989977626
TEST_7244,11.081126929049454
TEST_7245,41.16619223435069
TEST_7246,7.026882783737811
TEST_7247,13.007079018346895
TEST_7248,141.43710315733458
TEST_7249,17.920116503268176
TEST_7250,44.93118825997354
TEST_7251,121.2926724728861
TEST_7252,43.78347246579744
TEST_7253,73.18817798988424
TEST_7254,104.10689345266604
TEST_7255,82.04410080006029
TEST_7256,146.6599115541422
TEST_7257,121.14502619923942
TEST_7258,241.30724027478635
TEST_7259,141.11421481435235
TEST_7260,31.854236102975452
TEST_7261,19.861756795069233
TEST_7262,1.8400483880068363
TEST_7263,19.428303382974608
TEST_7264,98.23832208432195
TEST_7265,122.77761671437877
TEST_7266,32.85052738161604
TEST_7267,7.039080626704925
TEST_7268,107.64281065903273
TEST_7269,142.9157543855259
TEST_7270,40.23998092697006
TEST_7271,28.522560137239893
TEST_7272,55.05185674488328
TEST_7273,34.41354945529113
TEST_7274,7.270912624983555
TEST_7275,142.33278687675286
TEST_7276,190.56987820512822
TEST_7277,85.49413447555231
TEST_7278,174.40035482150697
TEST_7279,29.91237970975861
TEST_7280,82.41267220171135
TEST_7281,72.73313665761954
TEST_7282,65.81367261904762
TEST_7283,80.29186035499096
TEST_7284,72.54523690064266
TEST_7285,33.10100185517098
TEST_7286,164.83049512037672
TEST_7287,121.79431646876063
TEST_7288,169.27064928400006
TEST_7289,139.1167852918757
TEST_7290,62.18979532967032
TEST_7291,112.3994288026787
TEST_7292,78.69686395248179
TEST_7293,88.11377088598502
TEST_7294,66.9356325130408
TEST_7295,74.26055335962346
TEST_7296,180.21765377108454
TEST_7297,57.66234603721264
TEST_7298,192.75529532967033
TEST_7299,7.491475712156198
TEST_7300,67.5506395217803
TEST_7301,199.26285264789524
TEST_7302,86.0816580371383
TEST_7303,58.97049739845802
TEST_7304,78.52838814676893
TEST_7305,25.026608353310674
TEST_7306,69.02554235952246
TEST_7307,143.19203437399497
TEST_7308,91.41044272811554
TEST_7309,19.492761601186913
TEST_7310,142.37390598776307
TEST_7311,29.50950363009494
TEST_7312,102.3467076970169
TEST_7313,45.30633104395604
TEST_7314,82.37486249912014
TEST_7315,190.49833333333333
TEST_7316,118.18603137511835
TEST_7317,18.23724686715785
TEST_7318,205.5865405150405
TEST_7319,42.69786492170744
TEST_7320,193.4185616512307
TEST_7321,26.688783388031588
TEST_7322,29.562583259005354
TEST_7323,167.3760603924902
TEST_7324,53.72664387227177
TEST_7325,79.71525543862265
TEST_7326,11.944461024662996
TEST_7327,26.523782723676614
TEST_7328,23.742849967539254
TEST_7329,43.14572276436707
TEST_7330,19.726187770286757
TEST_7331,156.04482190661173
TEST_7332,32.2658957238182
TEST_7333,11.578320105820104
TEST_7334,46.6110441919192
TEST_7335,8.912573894874654
TEST_7336,3.973995817245817
TEST_7337,201.40079684404506
TEST_7338,24.94065184338233
TEST_7339,116.85274754263925
TEST_7340,14.578202032580709
TEST_7341,77.05581681928443
TEST_7342,33.01514448051949
TEST_7343,25.15134796517045
TEST_7344,43.73058841988621
TEST_7345,140.62735515873013
TEST_7346,55.72220424891961
TEST_7347,108.78924329265415
TEST_7348,9.011085202655853
TEST_7349,53.466981988599635
TEST_7350,54.02168371660094
TEST_7351,102.4220788171583
TEST_7352,119.70396812514629
TEST_7353,98.13630597729042
TEST_7354,38.371304235206686
TEST_7355,19.32778900034435
TEST_7356,55.33048071281788
TEST_7357,37.21187767544347
TEST_7358,155.85183513708512
TEST_7359,118.85377380952382
TEST_7360,95.90011984332095
TEST_7361,80.35933087472532
TEST_7362,58.13300387609452
TEST_7363,29.74958216145124
TEST_7364,10.127309970365891
TEST_7365,177.2914583333333
TEST_7366,164.43183781491322
TEST_7367,49.857499451820956
TEST_7368,45.13490542626821
TEST_7369,104.07847104515135
TEST_7370,33.87823673269454
TEST_7371,209.78077717299047
TEST_7372,26.724768022827323
TEST_7373,62.05376981882496
TEST_7374,63.705126608472504
TEST_7375,45.235693701718446
TEST_7376,65.40181623803247
TEST_7377,74.99895611873627
TEST_7378,78.83771595337788
TEST_7379,50.751795057050565
TEST_7380,3.232925726597459
TEST_7381,143.61152790826043
TEST_7382,16.192400686978026
TEST_7383,28.145903372511835
TEST_7384,39.356831001921634
TEST_7385,12.053680307084921
TEST_7386,79.35179847629132
TEST_7387,63.44937663483859
TEST_7388,128.3718789159774
TEST_7389,163.50690425443824
TEST_7390,209.02601680264172
TEST_7391,164.03583109301135
TEST_7392,88.36059361471862
TEST_7393,167.24371815098803
TEST_7394,140.6660836171473
TEST_7395,173.09981123971764
TEST_7396,45.581678807303796
TEST_7397,63.732867349684554
TEST_7398,82.85751693889424
TEST_7399,130.98563802574537
TEST_7400,127.77131039265028
TEST_7401,75.02260487337448
TEST_7402,30.088519837627587
TEST_7403,10.808154249731224
TEST_7404,107.59951172438672
TEST_7405,7.920281032892579
TEST_7406,16.15499124705704
TEST_7407,120.94865454517661
TEST_7408,13.998681048664015
TEST_7409,3.0362165006645556
TEST_7410,153.17357523410445
TEST_7411,178.76170766646385
TEST_7412,14.81552842809936
TEST_7413,51.33875974694333
TEST_7414,176.1370911110679
TEST_7415,152.34026946856753
TEST_7416,123.35718473071047
TEST_7417,26.489540184817905
TEST_7418,32.45648516396757
TEST_7419,8.106560833906322
TEST_7420,175.15889356805852
TEST_7421,146.69625379298765
TEST_7422,62.525876890382676
TEST_7423,125.90498619106197
TEST_7424,46.31423948270753
TEST_7425,141.51049092920366
TEST_7426,37.57034042432485
TEST_7427,34.50759294446236
TEST_7428,66.34666666666666
TEST_7429,46.657791016337605
TEST_7430,117.43003750665326
TEST_7431,177.06065308839982
TEST_7432,163.4022893228006
TEST_7433,11.593483636756144
TEST_7434,108.90759012110556
TEST_7435,110.2535571095571
TEST_7436,217.92153679653677
TEST_7437,29.720535849434018
TEST_7438,122.27680403206037
TEST_7439,23.259972479365498
TEST_7440,123.98811234690407
TEST_7441,13.301408895152852
TEST_7442,66.84673456627245
TEST_7443,102.9185192210182
TEST_7444,81.33009315343602
TEST_7445,126.71607142857141
TEST_7446,77.0772977318734
TEST_7447,67.81660934357038
TEST_7448,16.901050669510234
TEST_7449,29.533861060714425
TEST_7450,35.19674667031605
TEST_7451,75.5258482257482
TEST_7452,92.84809456040954
TEST_7453,137.8779930062302
TEST_7454,130.1783827311261
TEST_7455,19.07649027771868
TEST_7456,73.96797933744027
TEST_7457,77.90834324593533
TEST_7458,95.81049838320426
TEST_7459,80.10095548665538
TEST_7460,192.05879564339327
TEST_7461,156.7700993608
TEST_7462,122.87993734131896
TEST_7463,200.00024032186388
TEST_7464,141.04274948459823
TEST_7465,215.20842826876876
TEST_7466,45.1880915405529
TEST_7467,82.00141660844838
TEST_7468,2.79689065592394
TEST_7469,118.40332844987317
TEST_7470,224.2374804076643
TEST_7471,39.133565135377324
TEST_7472,38.929845819520146
TEST_7473,168.86409006088925
TEST_7474,59.48880995365574
TEST_7475,42.2643275952466
TEST_7476,49.39105298461117
TEST_7477,119.4441928903777
TEST_7478,62.587990225052735
TEST_7479,33.86247336582774
TEST_7480,63.50119647563048
TEST_7481,54.0546530198464
TEST_7482,171.70600790620472
TEST_7483,57.638718797754954
TEST_7484,25.67126509900361
TEST_7485,139.33110351543448
TEST_7486,75.31679336268307
TEST_7487,58.92611400146695
TEST_7488,177.21706879300345
TEST_7489,17.659311778684156
TEST_7490,14.271784164808619
TEST_7491,76.14659471093852
TEST_7492,15.470926213279416
TEST_7493,34.27662544699453
TEST_7494,131.5621378329026
TEST_7495,192.6979574295196
TEST_7496,11.039718513385978
TEST_7497,128.37811363217097
TEST_7498,31.172902458251684
TEST_7499,186.12313104989298
